0, 10
0, 11
0, 14
0, 15
0, 18
0, 20
0, 21
0, 22
0, 23
0, 24
0, 25
0, 31
0, 36
0, 37
0, 38
0, 41
0, 42
0, 43
0, 47
0, 49
0, 50
0, 54
0, 55
0, 56
0, 57
0, 59
0, 60
0, 61
0, 64
0, 65
0, 66
0, 69
1, 4
1, 5
1, 7
1, 8
1, 9
1, 10
1, 11
1, 12
1, 13
1, 14
1, 15
1, 18
1, 19
1, 20
1, 24
1, 25
1, 26
1, 27
1, 29
1, 31
1, 32
1, 34
1, 35
1, 36
1, 37
1, 38
1, 39
1, 40
1, 44
1, 45
1, 46
1, 47
1, 48
1, 50
1, 52
1, 53
1, 54
1, 55
1, 57
1, 58
1, 59
1, 60
1, 65
1, 66
1, 67
1, 69
2, 7
2, 8
2, 9
2, 10
2, 11
2, 13
2, 14
2, 15
2, 18
2, 19
2, 20
2, 24
2, 25
2, 31
2, 32
2, 35
2, 37
2, 38
2, 39
2, 41
2, 44
2, 49
2, 50
2, 53
2, 54
2, 55
2, 56
2, 57
2, 58
2, 59
2, 60
2, 64
2, 65
2, 66
2, 69
3, 4
3, 5
3, 7
3, 8
3, 10
3, 11
3, 13
3, 14
3, 15
3, 19
3, 20
3, 21
3, 22
3, 27
3, 28
3, 29
3, 30
3, 31
3, 34
3, 35
3, 36
3, 37
3, 38
3, 41
3, 42
3, 43
3, 45
3, 46
3, 47
3, 48
3, 52
3, 53
3, 54
3, 55
3, 57
3, 59
3, 60
3, 61
3, 62
3, 64
3, 65
3, 66
3, 69
4, 1
4, 3
4, 9
4, 10
4, 11
4, 14
4, 18
4, 20
4, 22
4, 23
4, 24
4, 25
4, 31
4, 32
4, 36
4, 38
4, 39
4, 41
4, 42
4, 43
4, 44
4, 49
4, 50
4, 55
4, 56
4, 59
4, 60
4, 61
4, 64
4, 65
4, 66
4, 69
5, 1
5, 3
5, 6
5, 7
5, 9
5, 10
5, 11
5, 12
5, 14
5, 16
5, 17
5, 18
5, 19
5, 22
5, 23
5, 24
5, 25
5, 26
5, 31
5, 32
5, 33
5, 35
5, 38
5, 39
5, 40
5, 41
5, 42
5, 43
5, 44
5, 49
5, 50
5, 51
5, 53
5, 55
5, 56
5, 58
5, 59
5, 63
5, 64
5, 65
5, 66
6, 5
6, 9
6, 10
6, 11
6, 13
6, 14
6, 15
6, 18
6, 19
6, 20
6, 24
6, 25
6, 31
6, 35
6, 36
6, 37
6, 38
6, 39
6, 41
6, 42
6, 50
6, 53
6, 54
6, 55
6, 56
6, 57
6, 58
6, 59
6, 60
6, 61
6, 64
6, 65
6, 66
6, 69
7, 1
7, 2
7, 3
7, 5
7, 9
7, 15
7, 16
7, 18
7, 20
7, 21
7, 22
7, 23
7, 24
7, 25
7, 28
7, 31
7, 32
7, 33
7, 36
7, 37
7, 41
7, 42
7, 43
7, 44
7, 47
7, 48
7, 49
7, 50
7, 55
7, 56
7, 57
7, 60
7, 61
7, 62
7, 63
7, 64
7, 69
8, 1
8, 2
8, 3
8, 9
8, 10
8, 16
8, 18
8, 20
8, 21
8, 22
8, 23
8, 24
8, 25
8, 28
8, 31
8, 32
8, 33
8, 36
8, 37
8, 39
8, 41
8, 42
8, 43
8, 44
8, 47
8, 49
8, 50
8, 51
8, 55
8, 56
8, 60
8, 61
8, 62
8, 63
8, 64
8, 66
8, 69
9, 1
9, 2
9, 4
9, 5
9, 6
9, 7
9, 8
9, 11
9, 13
9, 14
9, 15
9, 19
9, 20
9, 21
9, 22
9, 23
9, 27
9, 28
9, 29
9, 30
9, 33
9, 34
9, 35
9, 36
9, 37
9, 41
9, 42
9, 43
9, 45
9, 46
9, 47
9, 48
9, 52
9, 53
9, 54
9, 56
9, 57
9, 59
9, 60
9, 61
9, 62
9, 63
9, 64
9, 65
9, 66
9, 68
9, 69
10, 0
10, 1
10, 2
10, 3
10, 4
10, 5
10, 6
10, 8
10, 13
10, 15
10, 16
10, 18
10, 19
10, 20
10, 21
10, 22
10, 23
10, 24
10, 27
10, 28
10, 29
10, 30
10, 33
10, 34
10, 36
10, 37
10, 41
10, 42
10, 43
10, 44
10, 45
10, 46
10, 47
10, 48
10, 49
10, 50
10, 51
10, 52
10, 54
10, 55
10, 56
10, 57
10, 59
10, 60
10, 61
10, 62
10, 63
10, 64
10, 68
10, 69
11, 0
11, 1
11, 2
11, 3
11, 4
11, 5
11, 6
11, 9
11, 13
11, 15
11, 16
11, 17
11, 18
11, 20
11, 21
11, 22
11, 23
11, 24
11, 25
11, 27
11, 28
11, 29
11, 30
11, 31
11, 32
11, 33
11, 36
11, 37
11, 40
11, 41
11, 42
11, 43
11, 44
11, 45
11, 47
11, 48
11, 49
11, 50
11, 51
11, 52
11, 54
11, 55
11, 56
11, 57
11, 60
11, 61
11, 62
11, 63
11, 64
11, 68
11, 69
12, 1
12, 5
12, 13
12, 14
12, 15
12, 18
12, 19
12, 20
12, 21
12, 22
12, 23
12, 24
12, 27
12, 28
12, 29
12, 30
12, 36
12, 37
12, 41
12, 42
12, 43
12, 45
12, 47
12, 48
12, 49
12, 54
12, 55
12, 56
12, 57
12, 59
12, 60
12, 61
12, 62
12, 63
12, 64
12, 66
12, 69
13, 1
13, 2
13, 3
13, 6
13, 9
13, 10
13, 11
13, 12
13, 16
13, 17
13, 18
13, 21
13, 22
13, 23
13, 24
13, 25
13, 28
13, 31
13, 32
13, 33
13, 36
13, 38
13, 39
13, 40
13, 41
13, 42
13, 43
13, 44
13, 49
13, 50
13, 51
13, 55
13, 56
13, 58
13, 59
13, 60
13, 61
13, 62
13, 63
13, 64
13, 65
13, 66
13, 69
14, 0
14, 1
14, 2
14, 3
14, 4
14, 5
14, 6
14, 9
14, 12
14, 15
14, 16
14, 17
14, 18
14, 20
14, 21
14, 22
14, 23
14, 24
14, 25
14, 28
14, 29
14, 30
14, 31
14, 32
14, 33
14, 36
14, 37
14, 39
14, 40
14, 41
14, 42
14, 43
14, 44
14, 45
14, 47
14, 48
14, 49
14, 50
14, 51
14, 55
14, 56
14, 57
14, 60
14, 61
14, 62
14, 63
14, 64
14, 68
14, 69
15, 0
15, 1
15, 2
15, 3
15, 6
15, 7
15, 9
15, 10
15, 11
15, 12
15, 14
15, 16
15, 17
15, 18
15, 22
15, 23
15, 24
15, 25
15, 26
15, 28
15, 31
15, 32
15, 33
15, 35
15, 38
15, 39
15, 40
15, 41
15, 42
15, 43
15, 44
15, 49
15, 50
15, 51
15, 53
15, 55
15, 56
15, 58
15, 59
15, 61
15, 62
15, 63
15, 64
15, 65
15, 66
15, 68
16, 5
16, 7
16, 8
16, 10
16, 11
16, 13
16, 14
16, 15
16, 19
16, 20
16, 21
16, 25
16, 27
16, 29
16, 31
16, 34
16, 35
16, 36
16, 37
16, 38
16, 39
16, 45
16, 46
16, 47
16, 48
16, 52
16, 53
16, 54
16, 55
16, 57
16, 58
16, 59
16, 60
16, 61
16, 64
16, 65
16, 66
16, 69
17, 5
17, 11
17, 13
17, 14
17, 15
17, 18
17, 19
17, 20
17, 21
17, 22
17, 23
17, 24
17, 25
17, 28
17, 29
17, 31
17, 36
17, 37
17, 38
17, 41
17, 42
17, 43
17, 47
17, 48
17, 53
17, 54
17, 55
17, 56
17, 57
17, 59
17, 60
17, 61
17, 64
17, 65
17, 66
17, 69
18, 0
18, 1
18, 2
18, 4
18, 5
18, 6
18, 7
18, 8
18, 10
18, 11
18, 12
18, 13
18, 14
18, 15
18, 17
18, 19
18, 20
18, 21
18, 22
18, 23
18, 26
18, 27
18, 28
18, 29
18, 30
18, 31
18, 33
18, 34
18, 35
18, 36
18, 37
18, 38
18, 41
18, 42
18, 43
18, 45
18, 46
18, 47
18, 48
18, 51
18, 52
18, 53
18, 54
18, 56
18, 57
18, 58
18, 59
18, 60
18, 61
18, 62
18, 63
18, 64
18, 65
18, 66
18, 67
18, 68
18, 69
19, 1
19, 2
19, 3
19, 5
19, 6
19, 9
19, 10
19, 12
19, 16
19, 17
19, 18
19, 20
19, 21
19, 22
19, 23
19, 24
19, 25
19, 28
19, 30
19, 31
19, 32
19, 33
19, 36
19, 37
19, 39
19, 40
19, 41
19, 42
19, 43
19, 44
19, 47
19, 48
19, 49
19, 50
19, 51
19, 55
19, 56
19, 60
19, 61
19, 62
19, 63
19, 64
19, 68
19, 69
20, 0
20, 1
20, 2
20, 3
20, 4
20, 6
20, 7
20, 8
20, 9
20, 10
20, 11
20, 12
20, 14
20, 16
20, 17
20, 18
20, 19
20, 22
20, 23
20, 24
20, 25
20, 26
20, 28
20, 30
20, 31
20, 32
20, 33
20, 34
20, 35
20, 38
20, 39
20, 40
20, 41
20, 42
20, 43
20, 44
20, 46
20, 49
20, 50
20, 51
20, 52
20, 53
20, 54
20, 55
20, 56
20, 58
20, 59
20, 61
20, 62
20, 63
20, 64
20, 65
20, 66
20, 67
20, 68
21, 0
21, 3
21, 7
21, 8
21, 9
21, 10
21, 11
21, 12
21, 13
21, 14
21, 16
21, 17
21, 18
21, 19
21, 23
21, 24
21, 25
21, 26
21, 31
21, 32
21, 34
21, 35
21, 38
21, 39
21, 40
21, 41
21, 42
21, 43
21, 44
21, 46
21, 49
21, 50
21, 51
21, 52
21, 53
21, 54
21, 55
21, 56
21, 58
21, 59
21, 63
21, 64
21, 65
21, 66
21, 67
22, 0
22, 3
22, 4
22, 5
22, 7
22, 8
22, 9
22, 10
22, 11
22, 12
22, 13
22, 14
22, 15
22, 17
22, 18
22, 19
22, 20
22, 24
22, 25
22, 26
22, 27
22, 29
22, 31
22, 32
22, 34
22, 35
22, 36
22, 37
22, 38
22, 39
22, 40
22, 44
22, 45
22, 46
22, 49
22, 50
22, 51
22, 52
22, 53
22, 54
22, 55
22, 57
22, 58
22, 59
22, 60
22, 65
22, 66
22, 67
22, 69
23, 0
23, 4
23, 5
23, 7
23, 8
23, 9
23, 10
23, 11
23, 12
23, 13
23, 14
23, 15
23, 17
23, 18
23, 19
23, 20
23, 21
23, 25
23, 26
23, 27
23, 28
23, 29
23, 30
23, 31
23, 32
23, 34
23, 35
23, 36
23, 37
23, 38
23, 39
23, 40
23, 45
23, 46
23, 47
23, 48
23, 50
23, 52
23, 53
23, 54
23, 55
23, 57
23, 58
23, 59
23, 60
23, 61
23, 65
23, 66
23, 67
23, 68
23, 69
24, 0
24, 1
24, 2
24, 4
24, 5
24, 6
24, 7
24, 8
24, 10
24, 11
24, 12
24, 13
24, 14
24, 15
24, 17
24, 19
24, 20
24, 21
24, 22
24, 26
24, 27
24, 28
24, 29
24, 30
24, 31
24, 34
24, 35
24, 36
24, 37
24, 38
24, 39
24, 41
24, 42
24, 43
24, 45
24, 46
24, 47
24, 48
24, 52
24, 53
24, 54
24, 55
24, 57
24, 58
24, 59
24, 60
24, 61
24, 62
24, 64
24, 65
24, 66
24, 67
24, 68
24, 69
25, 0
25, 1
25, 2
25, 4
25, 5
25, 6
25, 7
25, 8
25, 11
25, 13
25, 14
25, 15
25, 16
25, 17
25, 19
25, 20
25, 21
25, 22
25, 23
25, 26
25, 27
25, 28
25, 29
25, 30
25, 33
25, 34
25, 35
25, 36
25, 37
25, 38
25, 41
25, 42
25, 43
25, 45
25, 46
25, 47
25, 48
25, 49
25, 51
25, 52
25, 53
25, 54
25, 56
25, 57
25, 59
25, 60
25, 61
25, 62
25, 63
25, 64
25, 65
25, 66
25, 67
25, 68
25, 69
26, 1
26, 5
26, 15
26, 18
26, 20
26, 21
26, 22
26, 23
26, 24
26, 25
26, 28
26, 31
26, 36
26, 37
26, 41
26, 42
26, 43
26, 47
26, 48
26, 49
26, 50
26, 54
26, 55
26, 56
26, 57
26, 59
26, 60
26, 61
26, 62
26, 63
26, 64
26, 65
26, 66
26, 69
27, 1
27, 3
27, 9
27, 10
27, 11
27, 12
27, 16
27, 18
27, 22
27, 23
27, 24
27, 25
27, 28
27, 31
27, 32
27, 33
27, 38
27, 39
27, 40
27, 41
27, 42
27, 43
27, 44
27, 49
27, 50
27, 51
27, 55
27, 56
27, 58
27, 59
27, 60
27, 61
27, 62
27, 63
27, 64
27, 65
27, 66
27, 69
28, 3
28, 7
28, 8
28, 9
28, 10
28, 11
28, 12
28, 13
28, 14
28, 15
28, 17
28, 18
28, 19
28, 20
28, 23
28, 24
28, 25
28, 26
28, 27
28, 31
28, 32
28, 34
28, 35
28, 38
28, 39
28, 40
28, 44
28, 46
28, 49
28, 50
28, 52
28, 53
28, 54
28, 55
28, 56
28, 57
28, 58
28, 59
28, 60
28, 65
28, 66
28, 67
29, 1
29, 3
29, 9
29, 10
29, 11
29, 12
29, 14
29, 16
29, 17
29, 18
29, 22
29, 23
29, 24
29, 25
29, 31
29, 32
29, 33
29, 38
29, 39
29, 40
29, 41
29, 42
29, 43
29, 44
29, 49
29, 50
29, 51
29, 53
29, 55
29, 56
29, 58
29, 59
29, 61
29, 63
29, 64
29, 65
29, 66
30, 3
30, 9
30, 10
30, 11
30, 12
30, 14
30, 18
30, 19
30, 20
30, 23
30, 24
30, 25
30, 31
30, 32
30, 35
30, 38
30, 39
30, 40
30, 41
30, 42
30, 43
30, 44
30, 49
30, 50
30, 53
30, 54
30, 55
30, 56
30, 58
30, 59
30, 60
30, 64
30, 65
30, 66
31, 0
31, 1
31, 2
31, 3
31, 4
31, 5
31, 6
31, 7
31, 8
31, 11
31, 13
31, 14
31, 15
31, 16
31, 17
31, 18
31, 19
31, 20
31, 21
31, 22
31, 23
31, 24
31, 26
31, 27
31, 28
31, 29
31, 30
31, 33
31, 34
31, 35
31, 36
31, 37
31, 40
31, 41
31, 42
31, 43
31, 44
31, 45
31, 46
31, 47
31, 48
31, 49
31, 50
31, 51
31, 52
31, 53
31, 54
31, 56
31, 57
31, 59
31, 60
31, 61
31, 62
31, 63
31, 64
31, 66
31, 67
31, 68
31, 69
32, 1
32, 2
32, 4
32, 5
32, 7
32, 8
32, 11
32, 13
32, 14
32, 15
32, 19
32, 20
32, 21
32, 22
32, 23
32, 27
32, 28
32, 29
32, 30
32, 34
32, 35
32, 36
32, 37
32, 38
32, 41
32, 42
32, 43
32, 45
32, 46
32, 47
32, 48
32, 52
32, 53
32, 54
32, 56
32, 57
32, 59
32, 60
32, 61
32, 62
32, 64
32, 65
32, 66
32, 68
32, 69
33, 5
33, 7
33, 8
33, 9
33, 10
33, 11
33, 13
33, 14
33, 15
33, 18
33, 19
33, 20
33, 25
33, 27
33, 29
33, 31
33, 34
33, 35
33, 36
33, 37
33, 38
33, 39
33, 46
33, 47
33, 50
33, 52
33, 53
33, 54
33, 55
33, 57
33, 58
33, 59
33, 60
33, 64
33, 65
33, 66
33, 69
34, 1
34, 3
34, 9
34, 10
34, 16
34, 18
34, 20
34, 21
34, 22
34, 23
34, 24
34, 25
34, 28
34, 31
34, 32
34, 33
34, 36
34, 37
34, 38
34, 39
34, 41
34, 42
34, 43
34, 44
34, 49
34, 50
34, 55
34, 56
34, 59
34, 60
34, 61
34, 62
34, 63
34, 64
34, 65
34, 66
34, 69
35, 1
35, 2
35, 3
35, 5
35, 6
35, 9
35, 15
35, 16
35, 18
35, 20
35, 21
35, 22
35, 23
35, 24
35, 25
35, 28
35, 30
35, 31
35, 32
35, 33
35, 36
35, 37
35, 39
35, 41
35, 42
35, 43
35, 44
35, 47
35, 48
35, 49
35, 50
35, 51
35, 55
35, 56
35, 60
35, 61
35, 62
35, 63
35, 64
35, 69
36, 0
36, 1
36, 3
36, 4
36, 6
36, 7
36, 8
36, 9
36, 10
36, 11
36, 12
36, 13
36, 14
36, 16
36, 17
36, 18
36, 19
36, 22
36, 23
36, 24
36, 25
36, 26
36, 31
36, 32
36, 33
36, 34
36, 35
36, 38
36, 39
36, 40
36, 41
36, 42
36, 43
36, 44
36, 46
36, 49
36, 50
36, 51
36, 52
36, 53
36, 54
36, 55
36, 56
36, 58
36, 59
36, 62
36, 63
36, 64
36, 65
36, 66
36, 67
36, 68
37, 0
37, 1
37, 2
37, 3
37, 6
37, 7
37, 8
37, 9
37, 10
37, 11
37, 12
37, 14
37, 16
37, 17
37, 18
37, 19
37, 22
37, 23
37, 24
37, 25
37, 26
37, 31
37, 32
37, 33
37, 34
37, 35
37, 38
37, 39
37, 40
37, 41
37, 42
37, 43
37, 44
37, 46
37, 49
37, 50
37, 51
37, 53
37, 54
37, 55
37, 56
37, 58
37, 59
37, 61
37, 62
37, 63
37, 64
37, 65
37, 66
37, 67
37, 68
38, 0
38, 1
38, 2
38, 3
38, 4
38, 5
38, 6
38, 13
38, 15
38, 16
38, 17
38, 18
38, 20
38, 21
38, 22
38, 23
38, 24
38, 25
38, 27
38, 28
38, 29
38, 30
38, 32
38, 33
38, 34
38, 36
38, 37
38, 41
38, 42
38, 43
38, 44
38, 45
38, 47
38, 48
38, 49
38, 50
38, 51
38, 52
38, 54
38, 55
38, 56
38, 57
38, 60
38, 61
38, 62
38, 63
38, 64
38, 68
38, 69
39, 1
39, 2
39, 4
39, 5
39, 6
39, 8
39, 13
39, 14
39, 15
39, 16
39, 19
39, 20
39, 21
39, 22
39, 23
39, 24
39, 27
39, 28
39, 29
39, 30
39, 33
39, 34
39, 35
39, 36
39, 37
39, 41
39, 42
39, 43
39, 45
39, 46
39, 47
39, 48
39, 49
39, 52
39, 54
39, 56
39, 57
39, 59
39, 60
39, 61
39, 62
39, 63
39, 64
39, 66
39, 68
39, 69
40, 1
40, 5
40, 11
40, 13
40, 14
40, 15
40, 19
40, 20
40, 21
40, 22
40, 23
40, 27
40, 28
40, 29
40, 30
40, 31
40, 36
40, 37
40, 41
40, 42
40, 43
40, 45
40, 47
40, 48
40, 52
40, 53
40, 54
40, 55
40, 56
40, 57
40, 59
40, 60
40, 61
40, 62
40, 64
40, 65
40, 66
40, 69
41, 0
41, 2
41, 3
41, 4
41, 5
41, 6
41, 7
41, 8
41, 9
41, 10
41, 11
41, 12
41, 13
41, 14
41, 15
41, 17
41, 18
41, 19
41, 20
41, 21
41, 24
41, 25
41, 26
41, 27
41, 29
41, 30
41, 31
41, 32
41, 34
41, 35
41, 36
41, 37
41, 38
41, 39
41, 40
41, 44
41, 45
41, 46
41, 47
41, 48
41, 50
41, 51
41, 52
41, 53
41, 54
41, 55
41, 57
41, 58
41, 59
41, 60
41, 61
41, 65
41, 66
41, 67
41, 68
41, 69
42, 0
42, 3
42, 4
42, 5
42, 6
42, 7
42, 8
42, 9
42, 10
42, 11
42, 12
42, 13
42, 14
42, 15
42, 17
42, 18
42, 19
42, 20
42, 21
42, 24
42, 25
42, 26
42, 27
42, 29
42, 30
42, 31
42, 32
42, 34
42, 35
42, 36
42, 37
42, 38
42, 39
42, 40
42, 44
42, 45
42, 46
42, 47
42, 48
42, 50
42, 51
42, 52
42, 53
42, 54
42, 55
42, 57
42, 58
42, 59
42, 60
42, 65
42, 66
42, 67
42, 68
42, 69
43, 0
43, 3
43, 4
43, 5
43, 7
43, 8
43, 9
43, 10
43, 11
43, 12
43, 13
43, 14
43, 15
43, 17
43, 18
43, 19
43, 20
43, 21
43, 24
43, 25
43, 26
43, 27
43, 29
43, 30
43, 31
43, 32
43, 34
43, 35
43, 36
43, 37
43, 38
43, 39
43, 40
43, 44
43, 45
43, 46
43, 47
43, 48
43, 50
43, 52
43, 53
43, 54
43, 55
43, 57
43, 58
43, 59
43, 60
43, 65
43, 66
43, 67
43, 68
43, 69
44, 1
44, 2
44, 4
44, 5
44, 7
44, 8
44, 10
44, 11
44, 13
44, 14
44, 15
44, 19
44, 20
44, 21
44, 22
44, 27
44, 28
44, 29
44, 30
44, 31
44, 34
44, 35
44, 36
44, 37
44, 38
44, 41
44, 42
44, 43
44, 45
44, 46
44, 47
44, 48
44, 52
44, 53
44, 54
44, 56
44, 57
44, 59
44, 60
44, 61
44, 62
44, 64
44, 65
44, 66
44, 69
45, 1
45, 3
45, 9
45, 10
45, 11
45, 12
45, 14
45, 16
45, 18
45, 22
45, 23
45, 24
45, 25
45, 31
45, 32
45, 38
45, 39
45, 40
45, 41
45, 42
45, 43
45, 44
45, 49
45, 50
45, 53
45, 55
45, 56
45, 58
45, 59
45, 60
45, 61
45, 63
45, 64
45, 65
45, 66
45, 69
46, 1
46, 3
46, 9
46, 10
46, 16
46, 18
46, 20
46, 21
46, 22
46, 23
46, 24
46, 25
46, 28
46, 31
46, 32
46, 33
46, 36
46, 37
46, 39
46, 41
46, 42
46, 43
46, 44
46, 47
46, 49
46, 50
46, 55
46, 56
46, 59
46, 60
46, 61
46, 62
46, 63
46, 64
46, 65
46, 66
46, 69
47, 0
47, 1
47, 3
47, 7
47, 8
47, 9
47, 10
47, 11
47, 12
47, 14
47, 16
47, 17
47, 18
47, 19
47, 23
47, 24
47, 25
47, 26
47, 31
47, 32
47, 33
47, 35
47, 38
47, 39
47, 40
47, 41
47, 42
47, 43
47, 44
47, 46
47, 49
47, 50
47, 51
47, 53
47, 54
47, 55
47, 56
47, 58
47, 59
47, 63
47, 64
47, 65
47, 66
47, 67
48, 1
48, 3
48, 7
48, 9
48, 10
48, 11
48, 12
48, 14
48, 16
48, 17
48, 18
48, 19
48, 23
48, 24
48, 25
48, 26
48, 31
48, 32
48, 35
48, 38
48, 39
48, 40
48, 41
48, 42
48, 43
48, 44
48, 49
48, 50
48, 51
48, 53
48, 54
48, 55
48, 56
48, 58
48, 59
48, 63
48, 64
48, 65
48, 66
49, 0
49, 2
49, 4
49, 5
49, 7
49, 8
49, 10
49, 11
49, 12
49, 13
49, 14
49, 15
49, 19
49, 20
49, 21
49, 22
49, 25
49, 26
49, 27
49, 28
49, 29
49, 30
49, 31
49, 34
49, 35
49, 36
49, 37
49, 38
49, 39
49, 45
49, 46
49, 47
49, 48
49, 52
49, 53
49, 54
49, 55
49, 57
49, 58
49, 59
49, 60
49, 61
49, 64
49, 65
49, 66
49, 67
49, 68
49, 69
50, 0
50, 1
50, 2
50, 4
50, 5
50, 6
50, 7
50, 8
50, 10
50, 11
50, 13
50, 14
50, 15
50, 19
50, 20
50, 21
50, 22
50, 23
50, 26
50, 27
50, 28
50, 29
50, 30
50, 31
50, 33
50, 34
50, 35
50, 36
50, 37
50, 38
50, 41
50, 42
50, 43
50, 45
50, 46
50, 47
50, 48
50, 52
50, 53
50, 54
50, 56
50, 57
50, 59
50, 60
50, 61
50, 62
50, 63
50, 64
50, 65
50, 66
50, 67
50, 68
50, 69
51, 5
51, 8
51, 10
51, 11
51, 13
51, 14
51, 15
51, 18
51, 19
51, 20
51, 21
51, 22
51, 25
51, 27
51, 29
51, 31
51, 35
51, 36
51, 37
51, 38
51, 41
51, 42
51, 47
51, 48
51, 53
51, 54
51, 55
51, 56
51, 57
51, 59
51, 60
51, 61
51, 64
51, 65
51, 66
51, 69
52, 1
52, 3
52, 9
52, 10
52, 11
52, 16
52, 18
52, 20
52, 21
52, 22
52, 23
52, 24
52, 25
52, 28
52, 31
52, 32
52, 33
52, 36
52, 38
52, 39
52, 40
52, 41
52, 42
52, 43
52, 44
52, 49
52, 50
52, 55
52, 56
52, 58
52, 59
52, 60
52, 61
52, 62
52, 63
52, 64
52, 65
52, 66
52, 69
53, 1
53, 2
53, 3
53, 5
53, 6
53, 9
53, 15
53, 16
53, 17
53, 18
53, 20
53, 21
53, 22
53, 23
53, 24
53, 25
53, 28
53, 29
53, 30
53, 31
53, 32
53, 33
53, 36
53, 37
53, 40
53, 41
53, 42
53, 43
53, 44
53, 45
53, 47
53, 48
53, 49
53, 50
53, 51
53, 55
53, 56
53, 57
53, 60
53, 61
53, 62
53, 63
53, 64
53, 68
53, 69
54, 0
54, 1
54, 2
54, 3
54, 6
54, 9
54, 10
54, 11
54, 12
54, 16
54, 17
54, 18
54, 20
54, 21
54, 22
54, 23
54, 24
54, 25
54, 26
54, 28
54, 30
54, 31
54, 32
54, 33
54, 36
54, 37
54, 38
54, 39
54, 40
54, 41
54, 42
54, 43
54, 44
54, 47
54, 48
54, 49
54, 50
54, 51
54, 55
54, 56
54, 58
54, 60
54, 61
54, 62
54, 63
54, 64
54, 65
54, 66
54, 68
54, 69
55, 0
55, 1
55, 2
55, 3
55, 4
55, 5
55, 6
55, 7
55, 8
55, 10
55, 11
55, 12
55, 13
55, 14
55, 15
55, 16
55, 17
55, 19
55, 20
55, 21
55, 22
55, 23
55, 24
55, 26
55, 27
55, 28
55, 29
55, 30
55, 33
55, 34
55, 35
55, 36
55, 37
55, 38
55, 40
55, 41
55, 42
55, 43
55, 45
55, 46
55, 47
55, 48
55, 49
55, 51
55, 52
55, 53
55, 54
55, 56
55, 57
55, 58
55, 59
55, 60
55, 61
55, 62
55, 63
55, 64
55, 65
55, 66
55, 67
55, 68
55, 69
56, 0
56, 2
56, 4
56, 5
56, 6
56, 7
56, 8
56, 9
56, 10
56, 11
56, 12
56, 13
56, 14
56, 15
56, 17
56, 18
56, 19
56, 20
56, 21
56, 25
56, 26
56, 27
56, 28
56, 29
56, 30
56, 31
56, 32
56, 34
56, 35
56, 36
56, 37
56, 38
56, 39
56, 40
56, 44
56, 45
56, 46
56, 47
56, 48
56, 50
56, 51
56, 52
56, 53
56, 54
56, 55
56, 57
56, 58
56, 59
56, 60
56, 61
56, 65
56, 66
56, 67
56, 68
56, 69
57, 0
57, 1
57, 2
57, 3
57, 6
57, 7
57, 9
57, 10
57, 11
57, 12
57, 14
57, 16
57, 17
57, 18
57, 22
57, 23
57, 24
57, 25
57, 26
57, 28
57, 31
57, 32
57, 33
57, 38
57, 39
57, 40
57, 41
57, 42
57, 43
57, 44
57, 49
57, 50
57, 51
57, 53
57, 55
57, 56
57, 58
57, 59
57, 61
57, 62
57, 63
57, 64
57, 65
57, 66
57, 68
57, 69
58, 1
58, 2
58, 5
58, 6
58, 13
58, 15
58, 16
58, 18
58, 20
58, 21
58, 22
58, 23
58, 24
58, 27
58, 28
58, 29
58, 30
58, 33
58, 36
58, 37
58, 41
58, 42
58, 43
58, 45
58, 47
58, 48
58, 49
58, 52
58, 54
58, 55
58, 56
58, 57
58, 59
58, 60
58, 61
58, 62
58, 63
58, 64
58, 68
58, 69
59, 0
59, 1
59, 2
59, 3
59, 4
59, 5
59, 6
59, 9
59, 10
59, 12
59, 13
59, 15
59, 16
59, 17
59, 18
59, 20
59, 21
59, 22
59, 23
59, 24
59, 25
59, 26
59, 27
59, 28
59, 29
59, 30
59, 31
59, 32
59, 33
59, 34
59, 36
59, 37
59, 39
59, 40
59, 41
59, 42
59, 43
59, 44
59, 45
59, 46
59, 47
59, 48
59, 49
59, 50
59, 51
59, 52
59, 55
59, 56
59, 57
59, 58
59, 60
59, 61
59, 62
59, 63
59, 64
59, 67
59, 68
59, 69
60, 0
60, 1
60, 2
60, 3
60, 4
60, 6
60, 7
60, 8
60, 9
60, 10
60, 11
60, 12
60, 13
60, 14
60, 16
60, 17
60, 18
60, 19
60, 22
60, 23
60, 24
60, 25
60, 26
60, 27
60, 28
60, 30
60, 31
60, 32
60, 33
60, 34
60, 35
60, 38
60, 39
60, 40
60, 41
60, 42
60, 43
60, 44
60, 45
60, 46
60, 49
60, 50
60, 51
60, 52
60, 53
60, 54
60, 55
60, 56
60, 58
60, 59
60, 61
60, 62
60, 63
60, 64
60, 65
60, 66
60, 67
60, 68
61, 0
61, 3
61, 4
61, 6
61, 7
61, 8
61, 9
61, 10
61, 11
61, 12
61, 13
61, 14
61, 15
61, 16
61, 17
61, 18
61, 19
61, 20
61, 23
61, 24
61, 25
61, 26
61, 27
61, 29
61, 31
61, 32
61, 34
61, 35
61, 37
61, 38
61, 39
61, 40
61, 41
61, 44
61, 45
61, 46
61, 49
61, 50
61, 51
61, 52
61, 53
61, 54
61, 55
61, 56
61, 57
61, 58
61, 59
61, 60
61, 63
61, 65
61, 66
61, 67
61, 68
62, 3
62, 7
62, 8
62, 9
62, 10
62, 11
62, 12
62, 13
62, 14
62, 15
62, 18
62, 19
62, 20
62, 24
62, 25
62, 26
62, 27
62, 31
62, 32
62, 34
62, 35
62, 36
62, 37
62, 38
62, 39
62, 40
62, 44
62, 46
62, 50
62, 52
62, 53
62, 54
62, 55
62, 57
62, 58
62, 59
62, 60
62, 65
62, 66
62, 67
62, 69
63, 5
63, 7
63, 8
63, 9
63, 10
63, 11
63, 12
63, 13
63, 14
63, 15
63, 18
63, 19
63, 20
63, 21
63, 25
63, 26
63, 27
63, 29
63, 31
63, 34
63, 35
63, 36
63, 37
63, 38
63, 39
63, 45
63, 46
63, 47
63, 48
63, 50
63, 52
63, 53
63, 54
63, 55
63, 57
63, 58
63, 59
63, 60
63, 61
63, 65
63, 66
63, 67
63, 69
64, 0
64, 2
64, 3
64, 4
64, 5
64, 6
64, 7
64, 8
64, 9
64, 10
64, 11
64, 12
64, 13
64, 14
64, 15
64, 16
64, 17
64, 18
64, 19
64, 20
64, 21
64, 24
64, 25
64, 26
64, 27
64, 29
64, 30
64, 31
64, 32
64, 33
64, 34
64, 35
64, 36
64, 37
64, 38
64, 39
64, 40
64, 44
64, 45
64, 46
64, 47
64, 48
64, 49
64, 50
64, 51
64, 52
64, 53
64, 54
64, 55
64, 57
64, 58
64, 59
64, 60
64, 65
64, 66
64, 67
64, 68
64, 69
65, 0
65, 1
65, 2
65, 3
65, 4
65, 5
65, 6
65, 9
65, 13
65, 15
65, 16
65, 17
65, 18
65, 20
65, 21
65, 22
65, 23
65, 24
65, 25
65, 26
65, 27
65, 28
65, 29
65, 30
65, 32
65, 33
65, 34
65, 36
65, 37
65, 40
65, 41
65, 42
65, 43
65, 44
65, 45
65, 46
65, 47
65, 48
65, 49
65, 50
65, 51
65, 52
65, 54
65, 55
65, 56
65, 57
65, 60
65, 61
65, 62
65, 63
65, 64
65, 67
65, 68
65, 69
66, 0
66, 1
66, 2
66, 3
66, 4
66, 5
66, 6
66, 8
66, 9
66, 12
66, 13
66, 15
66, 16
66, 17
66, 18
66, 20
66, 21
66, 22
66, 23
66, 24
66, 25
66, 26
66, 27
66, 28
66, 29
66, 30
66, 31
66, 32
66, 33
66, 34
66, 36
66, 37
66, 39
66, 40
66, 41
66, 42
66, 43
66, 44
66, 45
66, 46
66, 47
66, 48
66, 49
66, 50
66, 51
66, 52
66, 54
66, 55
66, 56
66, 57
66, 60
66, 61
66, 62
66, 63
66, 64
66, 67
66, 68
66, 69
67, 1
67, 18
67, 20
67, 21
67, 22
67, 23
67, 24
67, 25
67, 28
67, 31
67, 36
67, 37
67, 41
67, 42
67, 43
67, 47
67, 49
67, 50
67, 55
67, 56
67, 59
67, 60
67, 61
67, 62
67, 63
67, 64
67, 65
67, 66
67, 69
68, 9
68, 10
68, 11
68, 14
68, 15
68, 18
68, 19
68, 20
68, 23
68, 24
68, 25
68, 31
68, 32
68, 36
68, 37
68, 38
68, 39
68, 41
68, 42
68, 43
68, 49
68, 50
68, 53
68, 54
68, 55
68, 56
68, 57
68, 58
68, 59
68, 60
68, 61
68, 64
68, 65
68, 66
68, 69
69, 0
69, 1
69, 2
69, 3
69, 4
69, 6
69, 7
69, 8
69, 9
69, 10
69, 11
69, 12
69, 13
69, 14
69, 16
69, 17
69, 18
69, 19
69, 22
69, 23
69, 24
69, 25
69, 26
69, 27
69, 31
69, 32
69, 33
69, 34
69, 35
69, 38
69, 39
69, 40
69, 41
69, 42
69, 43
69, 44
69, 45
69, 46
69, 49
69, 50
69, 51
69, 52
69, 53
69, 54
69, 55
69, 56
69, 57
69, 58
69, 59
69, 62
69, 63
69, 64
69, 65
69, 66
69, 67
69, 68
3, 0
0, 3
8, 0
0, 8
9, 0
0, 9
10, 0
0, 10
11, 0
0, 11
14, 0
0, 14
15, 0
0, 15
19, 0
0, 19
21, 0
0, 21
22, 0
0, 22
23, 0
0, 23
25, 0
0, 25
36, 0
0, 36
37, 0
0, 37
38, 0
0, 38
41, 0
0, 41
42, 0
0, 42
43, 0
0, 43
44, 0
0, 44
47, 0
0, 47
49, 0
0, 49
50, 0
0, 50
54, 0
0, 54
57, 0
0, 57
58, 0
0, 58
61, 0
0, 61
62, 0
0, 62
2, 3
3, 2
2, 4
4, 2
2, 6
6, 2
2, 7
7, 2
2, 8
8, 2
2, 9
9, 2
2, 10
10, 2
2, 11
11, 2
2, 12
12, 2
2, 14
14, 2
2, 15
15, 2
2, 16
16, 2
2, 17
17, 2
2, 19
19, 2
2, 21
21, 2
2, 22
22, 2
2, 23
23, 2
2, 25
25, 2
2, 26
26, 2
2, 27
27, 2
2, 29
29, 2
2, 33
33, 2
2, 34
34, 2
2, 35
35, 2
2, 36
36, 2
2, 37
37, 2
2, 38
38, 2
2, 40
40, 2
2, 41
41, 2
2, 42
42, 2
2, 43
43, 2
2, 44
44, 2
2, 45
45, 2
2, 46
46, 2
2, 47
47, 2
2, 49
49, 2
2, 50
50, 2
2, 51
51, 2
2, 52
52, 2
2, 54
54, 2
2, 57
57, 2
2, 58
58, 2
2, 61
61, 2
2, 67
67, 2
3, 2
2, 3
3, 4
4, 3
3, 6
6, 3
3, 7
7, 3
3, 8
8, 3
3, 9
9, 3
3, 10
10, 3
3, 11
11, 3
3, 12
12, 3
3, 14
14, 3
3, 15
15, 3
3, 17
17, 3
3, 19
19, 3
3, 21
21, 3
3, 22
22, 3
3, 23
23, 3
3, 25
25, 3
3, 26
26, 3
3, 27
27, 3
3, 29
29, 3
3, 30
30, 3
3, 33
33, 3
3, 34
34, 3
3, 35
35, 3
3, 36
36, 3
3, 37
37, 3
3, 38
38, 3
3, 40
40, 3
3, 41
41, 3
3, 42
42, 3
3, 43
43, 3
3, 45
45, 3
3, 46
46, 3
3, 47
47, 3
3, 49
49, 3
3, 50
50, 3
3, 51
51, 3
3, 52
52, 3
3, 54
54, 3
3, 57
57, 3
3, 58
58, 3
3, 61
61, 3
3, 62
62, 3
3, 67
67, 3
3, 68
68, 3
4, 2
2, 4
4, 3
3, 4
4, 6
6, 4
4, 7
7, 4
4, 8
8, 4
4, 9
9, 4
4, 10
10, 4
4, 11
11, 4
4, 12
12, 4
4, 14
14, 4
4, 15
15, 4
4, 16
16, 4
4, 17
17, 4
4, 19
19, 4
4, 21
21, 4
4, 22
22, 4
4, 23
23, 4
4, 25
25, 4
4, 33
33, 4
4, 35
35, 4
4, 36
36, 4
4, 37
37, 4
4, 38
38, 4
4, 40
40, 4
4, 41
41, 4
4, 42
42, 4
4, 43
43, 4
4, 44
44, 4
4, 46
46, 4
4, 47
47, 4
4, 49
49, 4
4, 50
50, 4
4, 51
51, 4
4, 54
54, 4
4, 57
57, 4
4, 58
58, 4
4, 61
61, 4
4, 62
62, 4
6, 2
2, 6
6, 3
3, 6
6, 4
4, 6
6, 7
7, 6
6, 8
8, 6
6, 9
9, 6
6, 10
10, 6
6, 11
11, 6
6, 12
12, 6
6, 14
14, 6
6, 15
15, 6
6, 16
16, 6
6, 17
17, 6
6, 19
19, 6
6, 21
21, 6
6, 22
22, 6
6, 23
23, 6
6, 25
25, 6
6, 26
26, 6
6, 27
27, 6
6, 29
29, 6
6, 30
30, 6
6, 34
34, 6
6, 35
35, 6
6, 36
36, 6
6, 37
37, 6
6, 38
38, 6
6, 40
40, 6
6, 41
41, 6
6, 42
42, 6
6, 43
43, 6
6, 44
44, 6
6, 45
45, 6
6, 46
46, 6
6, 47
47, 6
6, 49
49, 6
6, 50
50, 6
6, 51
51, 6
6, 52
52, 6
6, 54
54, 6
6, 57
57, 6
6, 58
58, 6
6, 61
61, 6
6, 62
62, 6
6, 67
67, 6
7, 2
2, 7
7, 3
3, 7
7, 4
4, 7
7, 6
6, 7
7, 8
8, 7
7, 9
9, 7
7, 10
10, 7
7, 11
11, 7
7, 12
12, 7
7, 14
14, 7
7, 15
15, 7
7, 16
16, 7
7, 17
17, 7
7, 19
19, 7
7, 21
21, 7
7, 22
22, 7
7, 23
23, 7
7, 25
25, 7
7, 27
27, 7
7, 29
29, 7
7, 30
30, 7
7, 33
33, 7
7, 34
34, 7
7, 36
36, 7
7, 37
37, 7
7, 38
38, 7
7, 40
40, 7
7, 41
41, 7
7, 42
42, 7
7, 43
43, 7
7, 44
44, 7
7, 45
45, 7
7, 46
46, 7
7, 47
47, 7
7, 49
49, 7
7, 50
50, 7
7, 51
51, 7
7, 52
52, 7
7, 54
54, 7
7, 57
57, 7
7, 58
58, 7
7, 61
61, 7
7, 62
62, 7
7, 68
68, 7
8, 2
2, 8
8, 3
3, 8
8, 4
4, 8
8, 6
6, 8
8, 7
7, 8
8, 9
9, 8
8, 10
10, 8
8, 11
11, 8
8, 12
12, 8
8, 14
14, 8
8, 15
15, 8
8, 16
16, 8
8, 17
17, 8
8, 19
19, 8
8, 21
21, 8
8, 22
22, 8
8, 23
23, 8
8, 25
25, 8
8, 26
26, 8
8, 27
27, 8
8, 29
29, 8
8, 30
30, 8
8, 33
33, 8
8, 34
34, 8
8, 36
36, 8
8, 37
37, 8
8, 38
38, 8
8, 40
40, 8
8, 41
41, 8
8, 42
42, 8
8, 43
43, 8
8, 44
44, 8
8, 45
45, 8
8, 46
46, 8
8, 47
47, 8
8, 49
49, 8
8, 50
50, 8
8, 51
51, 8
8, 52
52, 8
8, 54
54, 8
8, 57
57, 8
8, 58
58, 8
8, 61
61, 8
8, 62
62, 8
8, 67
67, 8
8, 68
68, 8
9, 2
2, 9
9, 3
3, 9
9, 4
4, 9
9, 6
6, 9
9, 7
7, 9
9, 8
8, 9
9, 10
10, 9
9, 11
11, 9
9, 12
12, 9
9, 14
14, 9
9, 15
15, 9
9, 16
16, 9
9, 17
17, 9
9, 19
19, 9
9, 21
21, 9
9, 22
22, 9
9, 23
23, 9
9, 26
26, 9
9, 27
27, 9
9, 29
29, 9
9, 30
30, 9
9, 33
33, 9
9, 34
34, 9
9, 35
35, 9
9, 36
36, 9
9, 37
37, 9
9, 38
38, 9
9, 41
41, 9
9, 42
42, 9
9, 43
43, 9
9, 45
45, 9
9, 46
46, 9
9, 47
47, 9
9, 49
49, 9
9, 51
51, 9
9, 52
52, 9
9, 54
54, 9
9, 57
57, 9
9, 58
58, 9
9, 61
61, 9
9, 62
62, 9
9, 67
67, 9
9, 68
68, 9
10, 2
2, 10
10, 3
3, 10
10, 4
4, 10
10, 6
6, 10
10, 7
7, 10
10, 8
8, 10
10, 9
9, 10
10, 11
11, 10
10, 12
12, 10
10, 14
14, 10
10, 15
15, 10
10, 16
16, 10
10, 17
17, 10
10, 19
19, 10
10, 21
21, 10
10, 22
22, 10
10, 23
23, 10
10, 25
25, 10
10, 26
26, 10
10, 27
27, 10
10, 29
29, 10
10, 30
30, 10
10, 33
33, 10
10, 34
34, 10
10, 35
35, 10
10, 36
36, 10
10, 37
37, 10
10, 40
40, 10
10, 41
41, 10
10, 42
42, 10
10, 43
43, 10
10, 44
44, 10
10, 45
45, 10
10, 46
46, 10
10, 47
47, 10
10, 49
49, 10
10, 50
50, 10
10, 51
51, 10
10, 52
52, 10
10, 54
54, 10
10, 57
57, 10
10, 58
58, 10
10, 61
61, 10
10, 62
62, 10
10, 67
67, 10
10, 68
68, 10
11, 2
2, 11
11, 3
3, 11
11, 4
4, 11
11, 6
6, 11
11, 7
7, 11
11, 8
8, 11
11, 9
9, 11
11, 10
10, 11
11, 12
12, 11
11, 15
15, 11
11, 16
16, 11
11, 17
17, 11
11, 19
19, 11
11, 21
21, 11
11, 22
22, 11
11, 23
23, 11
11, 25
25, 11
11, 26
26, 11
11, 27
27, 11
11, 29
29, 11
11, 30
30, 11
11, 33
33, 11
11, 34
34, 11
11, 35
35, 11
11, 36
36, 11
11, 37
37, 11
11, 40
40, 11
11, 41
41, 11
11, 42
42, 11
11, 43
43, 11
11, 44
44, 11
11, 45
45, 11
11, 46
46, 11
11, 47
47, 11
11, 49
49, 11
11, 50
50, 11
11, 51
51, 11
11, 52
52, 11
11, 54
54, 11
11, 57
57, 11
11, 58
58, 11
11, 61
61, 11
11, 62
62, 11
11, 67
67, 11
11, 68
68, 11
12, 2
2, 12
12, 3
3, 12
12, 4
4, 12
12, 6
6, 12
12, 7
7, 12
12, 8
8, 12
12, 9
9, 12
12, 10
10, 12
12, 11
11, 12
12, 14
14, 12
12, 15
15, 12
12, 16
16, 12
12, 19
19, 12
12, 21
21, 12
12, 22
22, 12
12, 23
23, 12
12, 25
25, 12
12, 27
27, 12
12, 29
29, 12
12, 30
30, 12
12, 33
33, 12
12, 34
34, 12
12, 35
35, 12
12, 36
36, 12
12, 37
37, 12
12, 38
38, 12
12, 41
41, 12
12, 42
42, 12
12, 43
43, 12
12, 44
44, 12
12, 45
45, 12
12, 46
46, 12
12, 47
47, 12
12, 49
49, 12
12, 50
50, 12
12, 51
51, 12
12, 52
52, 12
12, 54
54, 12
12, 57
57, 12
12, 58
58, 12
12, 61
61, 12
12, 62
62, 12
12, 67
67, 12
12, 68
68, 12
14, 2
2, 14
14, 3
3, 14
14, 4
4, 14
14, 6
6, 14
14, 7
7, 14
14, 8
8, 14
14, 9
9, 14
14, 10
10, 14
14, 12
12, 14
14, 15
15, 14
14, 16
16, 14
14, 17
17, 14
14, 19
19, 14
14, 21
21, 14
14, 22
22, 14
14, 23
23, 14
14, 25
25, 14
14, 26
26, 14
14, 27
27, 14
14, 29
29, 14
14, 30
30, 14
14, 33
33, 14
14, 34
34, 14
14, 36
36, 14
14, 37
37, 14
14, 38
38, 14
14, 40
40, 14
14, 41
41, 14
14, 42
42, 14
14, 43
43, 14
14, 44
44, 14
14, 45
45, 14
14, 46
46, 14
14, 47
47, 14
14, 49
49, 14
14, 50
50, 14
14, 51
51, 14
14, 52
52, 14
14, 54
54, 14
14, 57
57, 14
14, 58
58, 14
14, 61
61, 14
14, 62
62, 14
14, 67
67, 14
14, 68
68, 14
15, 2
2, 15
15, 3
3, 15
15, 4
4, 15
15, 6
6, 15
15, 7
7, 15
15, 8
8, 15
15, 9
9, 15
15, 10
10, 15
15, 11
11, 15
15, 12
12, 15
15, 14
14, 15
15, 16
16, 15
15, 17
17, 15
15, 19
19, 15
15, 21
21, 15
15, 22
22, 15
15, 23
23, 15
15, 25
25, 15
15, 26
26, 15
15, 27
27, 15
15, 30
30, 15
15, 33
33, 15
15, 34
34, 15
15, 35
35, 15
15, 36
36, 15
15, 38
38, 15
15, 40
40, 15
15, 41
41, 15
15, 42
42, 15
15, 43
43, 15
15, 44
44, 15
15, 45
45, 15
15, 46
46, 15
15, 47
47, 15
15, 49
49, 15
15, 50
50, 15
15, 51
51, 15
15, 52
52, 15
15, 54
54, 15
15, 58
58, 15
15, 61
61, 15
15, 62
62, 15
15, 67
67, 15
15, 68
68, 15
16, 2
2, 16
16, 4
4, 16
16, 6
6, 16
16, 7
7, 16
16, 8
8, 16
16, 9
9, 16
16, 10
10, 16
16, 11
11, 16
16, 12
12, 16
16, 14
14, 16
16, 15
15, 16
16, 17
17, 16
16, 19
19, 16
16, 21
21, 16
16, 22
22, 16
16, 25
25, 16
16, 26
26, 16
16, 27
27, 16
16, 29
29, 16
16, 30
30, 16
16, 34
34, 16
16, 35
35, 16
16, 36
36, 16
16, 37
37, 16
16, 38
38, 16
16, 40
40, 16
16, 41
41, 16
16, 42
42, 16
16, 43
43, 16
16, 45
45, 16
16, 46
46, 16
16, 47
47, 16
16, 50
50, 16
16, 51
51, 16
16, 52
52, 16
16, 54
54, 16
16, 57
57, 16
16, 58
58, 16
16, 61
61, 16
16, 62
62, 16
16, 67
67, 16
16, 68
68, 16
17, 2
2, 17
17, 3
3, 17
17, 4
4, 17
17, 6
6, 17
17, 7
7, 17
17, 8
8, 17
17, 9
9, 17
17, 10
10, 17
17, 11
11, 17
17, 14
14, 17
17, 15
15, 17
17, 16
16, 17
17, 19
19, 17
17, 21
21, 17
17, 22
22, 17
17, 23
23, 17
17, 25
25, 17
17, 27
27, 17
17, 29
29, 17
17, 30
30, 17
17, 33
33, 17
17, 34
34, 17
17, 35
35, 17
17, 36
36, 17
17, 37
37, 17
17, 38
38, 17
17, 41
41, 17
17, 42
42, 17
17, 43
43, 17
17, 44
44, 17
17, 45
45, 17
17, 46
46, 17
17, 47
47, 17
17, 49
49, 17
17, 50
50, 17
17, 52
52, 17
17, 54
54, 17
17, 57
57, 17
17, 58
58, 17
17, 61
61, 17
17, 62
62, 17
17, 68
68, 17
19, 2
2, 19
19, 3
3, 19
19, 4
4, 19
19, 6
6, 19
19, 7
7, 19
19, 8
8, 19
19, 9
9, 19
19, 10
10, 19
19, 11
11, 19
19, 12
12, 19
19, 14
14, 19
19, 15
15, 19
19, 16
16, 19
19, 17
17, 19
19, 21
21, 19
19, 22
22, 19
19, 23
23, 19
19, 25
25, 19
19, 26
26, 19
19, 27
27, 19
19, 29
29, 19
19, 30
30, 19
19, 33
33, 19
19, 34
34, 19
19, 36
36, 19
19, 37
37, 19
19, 38
38, 19
19, 40
40, 19
19, 41
41, 19
19, 42
42, 19
19, 43
43, 19
19, 44
44, 19
19, 45
45, 19
19, 46
46, 19
19, 47
47, 19
19, 49
49, 19
19, 50
50, 19
19, 51
51, 19
19, 52
52, 19
19, 54
54, 19
19, 57
57, 19
19, 58
58, 19
19, 61
61, 19
19, 62
62, 19
19, 67
67, 19
19, 68
68, 19
21, 2
2, 21
21, 3
3, 21
21, 4
4, 21
21, 6
6, 21
21, 7
7, 21
21, 8
8, 21
21, 9
9, 21
21, 10
10, 21
21, 11
11, 21
21, 12
12, 21
21, 14
14, 21
21, 15
15, 21
21, 16
16, 21
21, 17
17, 21
21, 19
19, 21
21, 22
22, 21
21, 23
23, 21
21, 25
25, 21
21, 26
26, 21
21, 27
27, 21
21, 29
29, 21
21, 30
30, 21
21, 33
33, 21
21, 34
34, 21
21, 35
35, 21
21, 36
36, 21
21, 37
37, 21
21, 38
38, 21
21, 40
40, 21
21, 41
41, 21
21, 42
42, 21
21, 43
43, 21
21, 44
44, 21
21, 45
45, 21
21, 46
46, 21
21, 49
49, 21
21, 50
50, 21
21, 51
51, 21
21, 52
52, 21
21, 54
54, 21
21, 57
57, 21
21, 58
58, 21
21, 61
61, 21
21, 62
62, 21
21, 67
67, 21
21, 68
68, 21
22, 2
2, 22
22, 3
3, 22
22, 4
4, 22
22, 6
6, 22
22, 7
7, 22
22, 8
8, 22
22, 9
9, 22
22, 10
10, 22
22, 11
11, 22
22, 12
12, 22
22, 14
14, 22
22, 15
15, 22
22, 16
16, 22
22, 17
17, 22
22, 19
19, 22
22, 21
21, 22
22, 23
23, 22
22, 25
25, 22
22, 26
26, 22
22, 27
27, 22
22, 29
29, 22
22, 30
30, 22
22, 33
33, 22
22, 34
34, 22
22, 35
35, 22
22, 36
36, 22
22, 37
37, 22
22, 38
38, 22
22, 40
40, 22
22, 41
41, 22
22, 42
42, 22
22, 43
43, 22
22, 44
44, 22
22, 45
45, 22
22, 46
46, 22
22, 47
47, 22
22, 49
49, 22
22, 50
50, 22
22, 51
51, 22
22, 52
52, 22
22, 54
54, 22
22, 57
57, 22
22, 58
58, 22
22, 61
61, 22
22, 67
67, 22
22, 68
68, 22
23, 2
2, 23
23, 3
3, 23
23, 4
4, 23
23, 6
6, 23
23, 7
7, 23
23, 8
8, 23
23, 9
9, 23
23, 10
10, 23
23, 11
11, 23
23, 12
12, 23
23, 14
14, 23
23, 15
15, 23
23, 17
17, 23
23, 19
19, 23
23, 21
21, 23
23, 22
22, 23
23, 25
25, 23
23, 26
26, 23
23, 27
27, 23
23, 29
29, 23
23, 30
30, 23
23, 33
33, 23
23, 34
34, 23
23, 35
35, 23
23, 36
36, 23
23, 37
37, 23
23, 38
38, 23
23, 40
40, 23
23, 41
41, 23
23, 42
42, 23
23, 44
44, 23
23, 45
45, 23
23, 46
46, 23
23, 47
47, 23
23, 50
50, 23
23, 51
51, 23
23, 52
52, 23
23, 54
54, 23
23, 57
57, 23
23, 58
58, 23
23, 61
61, 23
23, 62
62, 23
23, 67
67, 23
23, 68
68, 23
25, 2
2, 25
25, 3
3, 25
25, 4
4, 25
25, 6
6, 25
25, 7
7, 25
25, 8
8, 25
25, 10
10, 25
25, 11
11, 25
25, 12
12, 25
25, 14
14, 25
25, 15
15, 25
25, 16
16, 25
25, 17
17, 25
25, 19
19, 25
25, 21
21, 25
25, 22
22, 25
25, 23
23, 25
25, 26
26, 25
25, 27
27, 25
25, 29
29, 25
25, 30
30, 25
25, 33
33, 25
25, 34
34, 25
25, 35
35, 25
25, 36
36, 25
25, 37
37, 25
25, 38
38, 25
25, 40
40, 25
25, 41
41, 25
25, 42
42, 25
25, 43
43, 25
25, 44
44, 25
25, 45
45, 25
25, 46
46, 25
25, 47
47, 25
25, 49
49, 25
25, 51
51, 25
25, 52
52, 25
25, 54
54, 25
25, 57
57, 25
25, 58
58, 25
25, 61
61, 25
25, 62
62, 25
25, 67
67, 25
25, 68
68, 25
26, 2
2, 26
26, 3
3, 26
26, 6
6, 26
26, 8
8, 26
26, 9
9, 26
26, 10
10, 26
26, 11
11, 26
26, 14
14, 26
26, 15
15, 26
26, 16
16, 26
26, 19
19, 26
26, 21
21, 26
26, 22
22, 26
26, 23
23, 26
26, 25
25, 26
26, 27
27, 26
26, 29
29, 26
26, 30
30, 26
26, 33
33, 26
26, 34
34, 26
26, 35
35, 26
26, 36
36, 26
26, 37
37, 26
26, 38
38, 26
26, 40
40, 26
26, 41
41, 26
26, 42
42, 26
26, 43
43, 26
26, 44
44, 26
26, 45
45, 26
26, 46
46, 26
26, 47
47, 26
26, 49
49, 26
26, 50
50, 26
26, 51
51, 26
26, 52
52, 26
26, 54
54, 26
26, 57
57, 26
26, 58
58, 26
26, 61
61, 26
26, 62
62, 26
26, 68
68, 26
27, 2
2, 27
27, 3
3, 27
27, 6
6, 27
27, 7
7, 27
27, 8
8, 27
27, 9
9, 27
27, 10
10, 27
27, 11
11, 27
27, 12
12, 27
27, 14
14, 27
27, 15
15, 27
27, 16
16, 27
27, 17
17, 27
27, 19
19, 27
27, 21
21, 27
27, 22
22, 27
27, 23
23, 27
27, 25
25, 27
27, 26
26, 27
27, 30
30, 27
27, 33
33, 27
27, 35
35, 27
27, 36
36, 27
27, 37
37, 27
27, 38
38, 27
27, 40
40, 27
27, 41
41, 27
27, 42
42, 27
27, 43
43, 27
27, 44
44, 27
27, 46
46, 27
27, 47
47, 27
27, 49
49, 27
27, 50
50, 27
27, 51
51, 27
27, 54
54, 27
27, 57
57, 27
27, 58
58, 27
27, 61
61, 27
27, 62
62, 27
27, 68
68, 27
29, 2
2, 29
29, 3
3, 29
29, 6
6, 29
29, 7
7, 29
29, 8
8, 29
29, 9
9, 29
29, 10
10, 29
29, 11
11, 29
29, 12
12, 29
29, 14
14, 29
29, 16
16, 29
29, 17
17, 29
29, 19
19, 29
29, 21
21, 29
29, 22
22, 29
29, 23
23, 29
29, 25
25, 29
29, 26
26, 29
29, 33
33, 29
29, 34
34, 29
29, 35
35, 29
29, 36
36, 29
29, 37
37, 29
29, 38
38, 29
29, 40
40, 29
29, 41
41, 29
29, 42
42, 29
29, 43
43, 29
29, 44
44, 29
29, 46
46, 29
29, 49
49, 29
29, 50
50, 29
29, 51
51, 29
29, 52
52, 29
29, 54
54, 29
29, 57
57, 29
29, 58
58, 29
29, 61
61, 29
29, 62
62, 29
29, 67
67, 29
29, 68
68, 29
30, 3
3, 30
30, 6
6, 30
30, 7
7, 30
30, 8
8, 30
30, 9
9, 30
30, 10
10, 30
30, 11
11, 30
30, 12
12, 30
30, 14
14, 30
30, 15
15, 30
30, 16
16, 30
30, 17
17, 30
30, 19
19, 30
30, 21
21, 30
30, 22
22, 30
30, 23
23, 30
30, 25
25, 30
30, 26
26, 30
30, 27
27, 30
30, 33
33, 30
30, 34
34, 30
30, 35
35, 30
30, 36
36, 30
30, 37
37, 30
30, 38
38, 30
30, 40
40, 30
30, 41
41, 30
30, 42
42, 30
30, 43
43, 30
30, 44
44, 30
30, 46
46, 30
30, 47
47, 30
30, 49
49, 30
30, 50
50, 30
30, 51
51, 30
30, 52
52, 30
30, 54
54, 30
30, 57
57, 30
30, 58
58, 30
30, 61
61, 30
30, 62
62, 30
30, 67
67, 30
33, 2
2, 33
33, 3
3, 33
33, 4
4, 33
33, 7
7, 33
33, 8
8, 33
33, 9
9, 33
33, 10
10, 33
33, 11
11, 33
33, 12
12, 33
33, 14
14, 33
33, 15
15, 33
33, 17
17, 33
33, 19
19, 33
33, 21
21, 33
33, 22
22, 33
33, 23
23, 33
33, 25
25, 33
33, 26
26, 33
33, 27
27, 33
33, 29
29, 33
33, 30
30, 33
33, 34
34, 33
33, 35
35, 33
33, 36
36, 33
33, 37
37, 33
33, 38
38, 33
33, 40
40, 33
33, 41
41, 33
33, 42
42, 33
33, 43
43, 33
33, 44
44, 33
33, 45
45, 33
33, 46
46, 33
33, 47
47, 33
33, 49
49, 33
33, 50
50, 33
33, 51
51, 33
33, 52
52, 33
33, 54
54, 33
33, 57
57, 33
33, 58
58, 33
33, 61
61, 33
33, 67
67, 33
33, 68
68, 33
34, 2
2, 34
34, 3
3, 34
34, 6
6, 34
34, 7
7, 34
34, 8
8, 34
34, 9
9, 34
34, 10
10, 34
34, 11
11, 34
34, 12
12, 34
34, 14
14, 34
34, 15
15, 34
34, 16
16, 34
34, 17
17, 34
34, 19
19, 34
34, 21
21, 34
34, 22
22, 34
34, 23
23, 34
34, 25
25, 34
34, 26
26, 34
34, 29
29, 34
34, 30
30, 34
34, 33
33, 34
34, 35
35, 34
34, 36
36, 34
34, 37
37, 34
34, 38
38, 34
34, 40
40, 34
34, 41
41, 34
34, 42
42, 34
34, 43
43, 34
34, 44
44, 34
34, 45
45, 34
34, 47
47, 34
34, 49
49, 34
34, 50
50, 34
34, 51
51, 34
34, 54
54, 34
34, 57
57, 34
34, 58
58, 34
34, 61
61, 34
34, 62
62, 34
34, 68
68, 34
35, 2
2, 35
35, 3
3, 35
35, 4
4, 35
35, 6
6, 35
35, 9
9, 35
35, 10
10, 35
35, 11
11, 35
35, 12
12, 35
35, 15
15, 35
35, 16
16, 35
35, 17
17, 35
35, 21
21, 35
35, 22
22, 35
35, 23
23, 35
35, 25
25, 35
35, 26
26, 35
35, 27
27, 35
35, 29
29, 35
35, 30
30, 35
35, 33
33, 35
35, 34
34, 35
35, 36
36, 35
35, 37
37, 35
35, 38
38, 35
35, 40
40, 35
35, 41
41, 35
35, 42
42, 35
35, 43
43, 35
35, 44
44, 35
35, 45
45, 35
35, 46
46, 35
35, 47
47, 35
35, 49
49, 35
35, 50
50, 35
35, 51
51, 35
35, 52
52, 35
35, 54
54, 35
35, 57
57, 35
35, 58
58, 35
35, 61
61, 35
35, 62
62, 35
35, 68
68, 35
36, 2
2, 36
36, 3
3, 36
36, 4
4, 36
36, 6
6, 36
36, 7
7, 36
36, 8
8, 36
36, 9
9, 36
36, 10
10, 36
36, 11
11, 36
36, 12
12, 36
36, 14
14, 36
36, 15
15, 36
36, 16
16, 36
36, 17
17, 36
36, 19
19, 36
36, 21
21, 36
36, 22
22, 36
36, 23
23, 36
36, 25
25, 36
36, 26
26, 36
36, 27
27, 36
36, 29
29, 36
36, 30
30, 36
36, 33
33, 36
36, 34
34, 36
36, 35
35, 36
36, 38
38, 36
36, 40
40, 36
36, 41
41, 36
36, 42
42, 36
36, 43
43, 36
36, 44
44, 36
36, 45
45, 36
36, 46
46, 36
36, 49
49, 36
36, 50
50, 36
36, 51
51, 36
36, 52
52, 36
36, 54
54, 36
36, 57
57, 36
36, 58
58, 36
36, 61
61, 36
36, 62
62, 36
36, 67
67, 36
36, 68
68, 36
37, 2
2, 37
37, 3
3, 37
37, 4
4, 37
37, 6
6, 37
37, 7
7, 37
37, 8
8, 37
37, 9
9, 37
37, 10
10, 37
37, 11
11, 37
37, 12
12, 37
37, 14
14, 37
37, 16
16, 37
37, 17
17, 37
37, 19
19, 37
37, 21
21, 37
37, 22
22, 37
37, 23
23, 37
37, 25
25, 37
37, 26
26, 37
37, 27
27, 37
37, 29
29, 37
37, 30
30, 37
37, 33
33, 37
37, 34
34, 37
37, 35
35, 37
37, 38
38, 37
37, 40
40, 37
37, 41
41, 37
37, 42
42, 37
37, 43
43, 37
37, 44
44, 37
37, 45
45, 37
37, 46
46, 37
37, 49
49, 37
37, 50
50, 37
37, 51
51, 37
37, 52
52, 37
37, 54
54, 37
37, 57
57, 37
37, 58
58, 37
37, 61
61, 37
37, 62
62, 37
37, 67
67, 37
37, 68
68, 37
38, 2
2, 38
38, 3
3, 38
38, 4
4, 38
38, 6
6, 38
38, 7
7, 38
38, 8
8, 38
38, 9
9, 38
38, 12
12, 38
38, 14
14, 38
38, 15
15, 38
38, 16
16, 38
38, 17
17, 38
38, 19
19, 38
38, 21
21, 38
38, 22
22, 38
38, 23
23, 38
38, 25
25, 38
38, 26
26, 38
38, 27
27, 38
38, 29
29, 38
38, 30
30, 38
38, 33
33, 38
38, 34
34, 38
38, 35
35, 38
38, 36
36, 38
38, 37
37, 38
38, 40
40, 38
38, 41
41, 38
38, 42
42, 38
38, 43
43, 38
38, 44
44, 38
38, 45
45, 38
38, 46
46, 38
38, 47
47, 38
38, 49
49, 38
38, 50
50, 38
38, 51
51, 38
38, 52
52, 38
38, 54
54, 38
38, 57
57, 38
38, 61
61, 38
38, 62
62, 38
38, 67
67, 38
38, 68
68, 38
40, 2
2, 40
40, 3
3, 40
40, 4
4, 40
40, 6
6, 40
40, 7
7, 40
40, 8
8, 40
40, 10
10, 40
40, 11
11, 40
40, 14
14, 40
40, 15
15, 40
40, 16
16, 40
40, 19
19, 40
40, 21
21, 40
40, 22
22, 40
40, 23
23, 40
40, 25
25, 40
40, 26
26, 40
40, 27
27, 40
40, 29
29, 40
40, 30
30, 40
40, 33
33, 40
40, 34
34, 40
40, 35
35, 40
40, 36
36, 40
40, 37
37, 40
40, 38
38, 40
40, 41
41, 40
40, 42
42, 40
40, 43
43, 40
40, 45
45, 40
40, 46
46, 40
40, 47
47, 40
40, 49
49, 40
40, 50
50, 40
40, 51
51, 40
40, 52
52, 40
40, 54
54, 40
40, 57
57, 40
40, 58
58, 40
40, 61
61, 40
40, 62
62, 40
40, 67
67, 40
40, 68
68, 40
41, 2
2, 41
41, 3
3, 41
41, 4
4, 41
41, 6
6, 41
41, 7
7, 41
41, 8
8, 41
41, 9
9, 41
41, 10
10, 41
41, 11
11, 41
41, 12
12, 41
41, 14
14, 41
41, 15
15, 41
41, 16
16, 41
41, 17
17, 41
41, 19
19, 41
41, 21
21, 41
41, 22
22, 41
41, 23
23, 41
41, 25
25, 41
41, 26
26, 41
41, 27
27, 41
41, 29
29, 41
41, 30
30, 41
41, 33
33, 41
41, 34
34, 41
41, 35
35, 41
41, 36
36, 41
41, 37
37, 41
41, 38
38, 41
41, 40
40, 41
41, 44
44, 41
41, 45
45, 41
41, 46
46, 41
41, 47
47, 41
41, 49
49, 41
41, 50
50, 41
41, 51
51, 41
41, 52
52, 41
41, 54
54, 41
41, 57
57, 41
41, 58
58, 41
41, 61
61, 41
41, 62
62, 41
41, 67
67, 41
41, 68
68, 41
42, 2
2, 42
42, 3
3, 42
42, 4
4, 42
42, 6
6, 42
42, 7
7, 42
42, 8
8, 42
42, 9
9, 42
42, 10
10, 42
42, 11
11, 42
42, 12
12, 42
42, 14
14, 42
42, 15
15, 42
42, 16
16, 42
42, 17
17, 42
42, 19
19, 42
42, 21
21, 42
42, 22
22, 42
42, 23
23, 42
42, 25
25, 42
42, 26
26, 42
42, 27
27, 42
42, 29
29, 42
42, 30
30, 42
42, 33
33, 42
42, 34
34, 42
42, 35
35, 42
42, 36
36, 42
42, 37
37, 42
42, 38
38, 42
42, 40
40, 42
42, 44
44, 42
42, 45
45, 42
42, 46
46, 42
42, 47
47, 42
42, 49
49, 42
42, 50
50, 42
42, 51
51, 42
42, 52
52, 42
42, 54
54, 42
42, 57
57, 42
42, 58
58, 42
42, 61
61, 42
42, 62
62, 42
42, 67
67, 42
42, 68
68, 42
43, 2
2, 43
43, 3
3, 43
43, 4
4, 43
43, 6
6, 43
43, 7
7, 43
43, 8
8, 43
43, 9
9, 43
43, 10
10, 43
43, 11
11, 43
43, 12
12, 43
43, 14
14, 43
43, 15
15, 43
43, 16
16, 43
43, 17
17, 43
43, 19
19, 43
43, 21
21, 43
43, 22
22, 43
43, 25
25, 43
43, 26
26, 43
43, 27
27, 43
43, 29
29, 43
43, 30
30, 43
43, 33
33, 43
43, 34
34, 43
43, 35
35, 43
43, 36
36, 43
43, 37
37, 43
43, 38
38, 43
43, 40
40, 43
43, 44
44, 43
43, 45
45, 43
43, 46
46, 43
43, 47
47, 43
43, 49
49, 43
43, 50
50, 43
43, 51
51, 43
43, 52
52, 43
43, 54
54, 43
43, 57
57, 43
43, 58
58, 43
43, 61
61, 43
43, 62
62, 43
43, 67
67, 43
43, 68
68, 43
44, 2
2, 44
44, 4
4, 44
44, 6
6, 44
44, 7
7, 44
44, 8
8, 44
44, 10
10, 44
44, 11
11, 44
44, 12
12, 44
44, 14
14, 44
44, 15
15, 44
44, 17
17, 44
44, 19
19, 44
44, 21
21, 44
44, 22
22, 44
44, 23
23, 44
44, 25
25, 44
44, 26
26, 44
44, 27
27, 44
44, 29
29, 44
44, 30
30, 44
44, 33
33, 44
44, 34
34, 44
44, 35
35, 44
44, 36
36, 44
44, 37
37, 44
44, 38
38, 44
44, 41
41, 44
44, 42
42, 44
44, 43
43, 44
44, 45
45, 44
44, 46
46, 44
44, 47
47, 44
44, 51
51, 44
44, 52
52, 44
44, 54
54, 44
44, 57
57, 44
44, 58
58, 44
44, 61
61, 44
44, 62
62, 44
44, 67
67, 44
44, 68
68, 44
45, 2
2, 45
45, 3
3, 45
45, 6
6, 45
45, 7
7, 45
45, 8
8, 45
45, 9
9, 45
45, 10
10, 45
45, 11
11, 45
45, 12
12, 45
45, 14
14, 45
45, 15
15, 45
45, 16
16, 45
45, 17
17, 45
45, 19
19, 45
45, 21
21, 45
45, 22
22, 45
45, 23
23, 45
45, 25
25, 45
45, 26
26, 45
45, 33
33, 45
45, 34
34, 45
45, 35
35, 45
45, 36
36, 45
45, 37
37, 45
45, 38
38, 45
45, 40
40, 45
45, 41
41, 45
45, 42
42, 45
45, 43
43, 45
45, 44
44, 45
45, 46
46, 45
45, 47
47, 45
45, 49
49, 45
45, 50
50, 45
45, 51
51, 45
45, 52
52, 45
45, 54
54, 45
45, 57
57, 45
45, 58
58, 45
45, 61
61, 45
45, 62
62, 45
45, 67
67, 45
45, 68
68, 45
46, 2
2, 46
46, 3
3, 46
46, 4
4, 46
46, 6
6, 46
46, 7
7, 46
46, 8
8, 46
46, 9
9, 46
46, 10
10, 46
46, 11
11, 46
46, 12
12, 46
46, 14
14, 46
46, 15
15, 46
46, 16
16, 46
46, 17
17, 46
46, 19
19, 46
46, 21
21, 46
46, 22
22, 46
46, 23
23, 46
46, 25
25, 46
46, 26
26, 46
46, 27
27, 46
46, 29
29, 46
46, 30
30, 46
46, 33
33, 46
46, 35
35, 46
46, 36
36, 46
46, 37
37, 46
46, 38
38, 46
46, 40
40, 46
46, 41
41, 46
46, 42
42, 46
46, 43
43, 46
46, 44
44, 46
46, 45
45, 46
46, 47
47, 46
46, 49
49, 46
46, 50
50, 46
46, 51
51, 46
46, 54
54, 46
46, 57
57, 46
46, 58
58, 46
46, 61
61, 46
46, 62
62, 46
46, 68
68, 46
47, 2
2, 47
47, 3
3, 47
47, 4
4, 47
47, 6
6, 47
47, 7
7, 47
47, 8
8, 47
47, 9
9, 47
47, 10
10, 47
47, 11
11, 47
47, 12
12, 47
47, 14
14, 47
47, 15
15, 47
47, 16
16, 47
47, 17
17, 47
47, 19
19, 47
47, 22
22, 47
47, 23
23, 47
47, 25
25, 47
47, 26
26, 47
47, 27
27, 47
47, 30
30, 47
47, 33
33, 47
47, 34
34, 47
47, 35
35, 47
47, 38
38, 47
47, 40
40, 47
47, 41
41, 47
47, 42
42, 47
47, 43
43, 47
47, 44
44, 47
47, 45
45, 47
47, 46
46, 47
47, 49
49, 47
47, 50
50, 47
47, 51
51, 47
47, 52
52, 47
47, 54
54, 47
47, 57
57, 47
47, 58
58, 47
47, 61
61, 47
47, 62
62, 47
47, 67
67, 47
47, 68
68, 47
49, 2
2, 49
49, 3
3, 49
49, 4
4, 49
49, 6
6, 49
49, 7
7, 49
49, 8
8, 49
49, 9
9, 49
49, 10
10, 49
49, 11
11, 49
49, 12
12, 49
49, 14
14, 49
49, 15
15, 49
49, 17
17, 49
49, 19
19, 49
49, 21
21, 49
49, 22
22, 49
49, 25
25, 49
49, 26
26, 49
49, 27
27, 49
49, 29
29, 49
49, 30
30, 49
49, 33
33, 49
49, 34
34, 49
49, 35
35, 49
49, 36
36, 49
49, 37
37, 49
49, 38
38, 49
49, 40
40, 49
49, 41
41, 49
49, 42
42, 49
49, 43
43, 49
49, 45
45, 49
49, 46
46, 49
49, 47
47, 49
49, 50
50, 49
49, 51
51, 49
49, 52
52, 49
49, 54
54, 49
49, 57
57, 49
49, 58
58, 49
49, 61
61, 49
49, 62
62, 49
49, 67
67, 49
49, 68
68, 49
50, 2
2, 50
50, 3
3, 50
50, 4
4, 50
50, 6
6, 50
50, 7
7, 50
50, 8
8, 50
50, 10
10, 50
50, 11
11, 50
50, 12
12, 50
50, 14
14, 50
50, 15
15, 50
50, 16
16, 50
50, 17
17, 50
50, 19
19, 50
50, 21
21, 50
50, 22
22, 50
50, 23
23, 50
50, 26
26, 50
50, 27
27, 50
50, 29
29, 50
50, 30
30, 50
50, 33
33, 50
50, 34
34, 50
50, 35
35, 50
50, 36
36, 50
50, 37
37, 50
50, 38
38, 50
50, 40
40, 50
50, 41
41, 50
50, 42
42, 50
50, 43
43, 50
50, 45
45, 50
50, 46
46, 50
50, 47
47, 50
50, 49
49, 50
50, 51
51, 50
50, 52
52, 50
50, 54
54, 50
50, 57
57, 50
50, 58
58, 50
50, 61
61, 50
50, 62
62, 50
50, 67
67, 50
50, 68
68, 50
51, 2
2, 51
51, 3
3, 51
51, 4
4, 51
51, 6
6, 51
51, 7
7, 51
51, 8
8, 51
51, 9
9, 51
51, 10
10, 51
51, 11
11, 51
51, 12
12, 51
51, 14
14, 51
51, 15
15, 51
51, 16
16, 51
51, 19
19, 51
51, 21
21, 51
51, 22
22, 51
51, 23
23, 51
51, 25
25, 51
51, 26
26, 51
51, 27
27, 51
51, 29
29, 51
51, 30
30, 51
51, 33
33, 51
51, 34
34, 51
51, 35
35, 51
51, 36
36, 51
51, 37
37, 51
51, 38
38, 51
51, 40
40, 51
51, 41
41, 51
51, 42
42, 51
51, 43
43, 51
51, 44
44, 51
51, 45
45, 51
51, 46
46, 51
51, 47
47, 51
51, 49
49, 51
51, 50
50, 51
51, 52
52, 51
51, 54
54, 51
51, 57
57, 51
51, 58
58, 51
51, 61
61, 51
51, 62
62, 51
51, 67
67, 51
51, 68
68, 51
52, 2
2, 52
52, 3
3, 52
52, 6
6, 52
52, 7
7, 52
52, 8
8, 52
52, 9
9, 52
52, 10
10, 52
52, 11
11, 52
52, 12
12, 52
52, 14
14, 52
52, 15
15, 52
52, 16
16, 52
52, 17
17, 52
52, 19
19, 52
52, 21
21, 52
52, 22
22, 52
52, 23
23, 52
52, 25
25, 52
52, 26
26, 52
52, 29
29, 52
52, 30
30, 52
52, 33
33, 52
52, 35
35, 52
52, 36
36, 52
52, 37
37, 52
52, 38
38, 52
52, 40
40, 52
52, 41
41, 52
52, 42
42, 52
52, 43
43, 52
52, 44
44, 52
52, 45
45, 52
52, 47
47, 52
52, 49
49, 52
52, 50
50, 52
52, 51
51, 52
52, 54
54, 52
52, 57
57, 52
52, 58
58, 52
52, 61
61, 52
52, 62
62, 52
52, 68
68, 52
54, 2
2, 54
54, 3
3, 54
54, 4
4, 54
54, 6
6, 54
54, 7
7, 54
54, 8
8, 54
54, 9
9, 54
54, 10
10, 54
54, 11
11, 54
54, 12
12, 54
54, 14
14, 54
54, 15
15, 54
54, 16
16, 54
54, 17
17, 54
54, 19
19, 54
54, 21
21, 54
54, 22
22, 54
54, 23
23, 54
54, 25
25, 54
54, 26
26, 54
54, 27
27, 54
54, 29
29, 54
54, 30
30, 54
54, 33
33, 54
54, 34
34, 54
54, 35
35, 54
54, 36
36, 54
54, 37
37, 54
54, 38
38, 54
54, 40
40, 54
54, 41
41, 54
54, 42
42, 54
54, 43
43, 54
54, 44
44, 54
54, 45
45, 54
54, 46
46, 54
54, 47
47, 54
54, 49
49, 54
54, 50
50, 54
54, 51
51, 54
54, 52
52, 54
54, 57
57, 54
54, 58
58, 54
54, 61
61, 54
54, 62
62, 54
54, 67
67, 54
54, 68
68, 54
57, 2
2, 57
57, 3
3, 57
57, 4
4, 57
57, 6
6, 57
57, 7
7, 57
57, 8
8, 57
57, 9
9, 57
57, 10
10, 57
57, 11
11, 57
57, 12
12, 57
57, 14
14, 57
57, 16
16, 57
57, 17
17, 57
57, 19
19, 57
57, 21
21, 57
57, 22
22, 57
57, 23
23, 57
57, 25
25, 57
57, 26
26, 57
57, 27
27, 57
57, 29
29, 57
57, 30
30, 57
57, 33
33, 57
57, 34
34, 57
57, 35
35, 57
57, 36
36, 57
57, 37
37, 57
57, 38
38, 57
57, 40
40, 57
57, 41
41, 57
57, 42
42, 57
57, 43
43, 57
57, 44
44, 57
57, 45
45, 57
57, 46
46, 57
57, 47
47, 57
57, 49
49, 57
57, 50
50, 57
57, 51
51, 57
57, 52
52, 57
57, 54
54, 57
57, 58
58, 57
57, 61
61, 57
57, 62
62, 57
57, 67
67, 57
57, 68
68, 57
58, 2
2, 58
58, 3
3, 58
58, 4
4, 58
58, 6
6, 58
58, 7
7, 58
58, 8
8, 58
58, 9
9, 58
58, 10
10, 58
58, 11
11, 58
58, 12
12, 58
58, 14
14, 58
58, 15
15, 58
58, 16
16, 58
58, 17
17, 58
58, 19
19, 58
58, 21
21, 58
58, 22
22, 58
58, 23
23, 58
58, 25
25, 58
58, 26
26, 58
58, 27
27, 58
58, 29
29, 58
58, 30
30, 58
58, 33
33, 58
58, 34
34, 58
58, 35
35, 58
58, 36
36, 58
58, 37
37, 58
58, 40
40, 58
58, 41
41, 58
58, 42
42, 58
58, 43
43, 58
58, 44
44, 58
58, 45
45, 58
58, 46
46, 58
58, 47
47, 58
58, 49
49, 58
58, 50
50, 58
58, 51
51, 58
58, 52
52, 58
58, 54
54, 58
58, 57
57, 58
58, 61
61, 58
58, 62
62, 58
58, 67
67, 58
58, 68
68, 58
61, 2
2, 61
61, 3
3, 61
61, 4
4, 61
61, 6
6, 61
61, 7
7, 61
61, 8
8, 61
61, 9
9, 61
61, 10
10, 61
61, 11
11, 61
61, 12
12, 61
61, 14
14, 61
61, 15
15, 61
61, 16
16, 61
61, 17
17, 61
61, 19
19, 61
61, 21
21, 61
61, 22
22, 61
61, 23
23, 61
61, 25
25, 61
61, 26
26, 61
61, 27
27, 61
61, 29
29, 61
61, 30
30, 61
61, 33
33, 61
61, 34
34, 61
61, 35
35, 61
61, 36
36, 61
61, 37
37, 61
61, 38
38, 61
61, 40
40, 61
61, 41
41, 61
61, 42
42, 61
61, 43
43, 61
61, 44
44, 61
61, 45
45, 61
61, 46
46, 61
61, 47
47, 61
61, 49
49, 61
61, 50
50, 61
61, 51
51, 61
61, 52
52, 61
61, 54
54, 61
61, 57
57, 61
61, 58
58, 61
61, 62
62, 61
61, 67
67, 61
61, 68
68, 61
62, 3
3, 62
62, 4
4, 62
62, 6
6, 62
62, 7
7, 62
62, 8
8, 62
62, 9
9, 62
62, 10
10, 62
62, 11
11, 62
62, 12
12, 62
62, 14
14, 62
62, 15
15, 62
62, 16
16, 62
62, 17
17, 62
62, 19
19, 62
62, 21
21, 62
62, 23
23, 62
62, 25
25, 62
62, 26
26, 62
62, 27
27, 62
62, 29
29, 62
62, 30
30, 62
62, 34
34, 62
62, 35
35, 62
62, 36
36, 62
62, 37
37, 62
62, 38
38, 62
62, 40
40, 62
62, 41
41, 62
62, 42
42, 62
62, 43
43, 62
62, 44
44, 62
62, 45
45, 62
62, 46
46, 62
62, 47
47, 62
62, 49
49, 62
62, 50
50, 62
62, 51
51, 62
62, 52
52, 62
62, 54
54, 62
62, 57
57, 62
62, 58
58, 62
62, 61
61, 62
62, 67
67, 62
62, 68
68, 62
67, 2
2, 67
67, 3
3, 67
67, 6
6, 67
67, 8
8, 67
67, 9
9, 67
67, 10
10, 67
67, 11
11, 67
67, 12
12, 67
67, 14
14, 67
67, 15
15, 67
67, 16
16, 67
67, 19
19, 67
67, 21
21, 67
67, 22
22, 67
67, 23
23, 67
67, 25
25, 67
67, 29
29, 67
67, 30
30, 67
67, 33
33, 67
67, 36
36, 67
67, 37
37, 67
67, 38
38, 67
67, 40
40, 67
67, 41
41, 67
67, 42
42, 67
67, 43
43, 67
67, 44
44, 67
67, 45
45, 67
67, 47
47, 67
67, 49
49, 67
67, 50
50, 67
67, 51
51, 67
67, 54
54, 67
67, 57
57, 67
67, 58
58, 67
67, 61
61, 67
67, 62
62, 67
68, 3
3, 68
68, 7
7, 68
68, 8
8, 68
68, 9
9, 68
68, 10
10, 68
68, 11
11, 68
68, 12
12, 68
68, 14
14, 68
68, 15
15, 68
68, 16
16, 68
68, 17
17, 68
68, 19
19, 68
68, 21
21, 68
68, 22
22, 68
68, 23
23, 68
68, 25
25, 68
68, 26
26, 68
68, 27
27, 68
68, 29
29, 68
68, 33
33, 68
68, 34
34, 68
68, 35
35, 68
68, 36
36, 68
68, 37
37, 68
68, 38
38, 68
68, 40
40, 68
68, 41
41, 68
68, 42
42, 68
68, 43
43, 68
68, 44
44, 68
68, 45
45, 68
68, 46
46, 68
68, 47
47, 68
68, 49
49, 68
68, 50
50, 68
68, 51
51, 68
68, 52
52, 68
68, 54
54, 68
68, 57
57, 68
68, 58
58, 68
68, 61
61, 68
68, 62
62, 68
2, 5
5, 2
2, 13
13, 2
2, 18
18, 2
2, 20
20, 2
2, 24
24, 2
2, 31
31, 2
2, 32
32, 2
2, 39
39, 2
2, 53
53, 2
2, 55
55, 2
2, 56
56, 2
2, 59
59, 2
2, 60
60, 2
2, 63
63, 2
2, 64
64, 2
2, 65
65, 2
2, 66
66, 2
2, 69
69, 2
3, 0
0, 3
3, 1
1, 3
3, 5
5, 3
3, 13
13, 3
3, 20
20, 3
3, 28
28, 3
3, 31
31, 3
3, 48
48, 3
3, 53
53, 3
3, 55
55, 3
3, 56
56, 3
3, 59
59, 3
3, 60
60, 3
3, 64
64, 3
3, 65
65, 3
3, 66
66, 3
3, 69
69, 3
4, 1
1, 4
4, 18
18, 4
4, 20
20, 4
4, 24
24, 4
4, 28
28, 4
4, 31
31, 4
4, 32
32, 4
4, 39
39, 4
4, 53
53, 4
4, 55
55, 4
4, 56
56, 4
4, 59
59, 4
4, 60
60, 4
4, 63
63, 4
4, 64
64, 4
4, 65
65, 4
4, 66
66, 4
4, 69
69, 4
6, 5
5, 6
6, 13
13, 6
6, 18
18, 6
6, 20
20, 6
6, 24
24, 6
6, 28
28, 6
6, 31
31, 6
6, 32
32, 6
6, 39
39, 6
6, 48
48, 6
6, 53
53, 6
6, 55
55, 6
6, 56
56, 6
6, 59
59, 6
6, 60
60, 6
6, 64
64, 6
6, 65
65, 6
6, 66
66, 6
6, 69
69, 6
7, 1
1, 7
7, 5
5, 7
7, 13
13, 7
7, 18
18, 7
7, 20
20, 7
7, 24
24, 7
7, 28
28, 7
7, 31
31, 7
7, 32
32, 7
7, 39
39, 7
7, 48
48, 7
7, 55
55, 7
7, 56
56, 7
7, 59
59, 7
7, 60
60, 7
7, 63
63, 7
7, 64
64, 7
7, 65
65, 7
7, 66
66, 7
7, 69
69, 7
8, 0
0, 8
8, 1
1, 8
8, 5
5, 8
8, 18
18, 8
8, 20
20, 8
8, 24
24, 8
8, 28
28, 8
8, 31
31, 8
8, 32
32, 8
8, 39
39, 8
8, 48
48, 8
8, 55
55, 8
8, 56
56, 8
8, 59
59, 8
8, 60
60, 8
8, 63
63, 8
8, 64
64, 8
8, 65
65, 8
8, 66
66, 8
8, 69
69, 8
9, 0
0, 9
9, 1
1, 9
9, 5
5, 9
9, 13
13, 9
9, 20
20, 9
9, 24
24, 9
9, 28
28, 9
9, 48
48, 9
9, 53
53, 9
9, 56
56, 9
9, 59
59, 9
9, 60
60, 9
9, 63
63, 9
9, 64
64, 9
9, 65
65, 9
9, 66
66, 9
9, 69
69, 9
10, 0
0, 10
10, 1
1, 10
10, 5
5, 10
10, 13
13, 10
10, 18
18, 10
10, 20
20, 10
10, 24
24, 10
10, 28
28, 10
10, 32
32, 10
10, 48
48, 10
10, 53
53, 10
10, 55
55, 10
10, 56
56, 10
10, 59
59, 10
10, 60
60, 10
10, 63
63, 10
10, 64
64, 10
10, 66
66, 10
10, 69
69, 10
11, 0
0, 11
11, 1
1, 11
11, 5
5, 11
11, 13
13, 11
11, 18
18, 11
11, 20
20, 11
11, 24
24, 11
11, 28
28, 11
11, 31
31, 11
11, 32
32, 11
11, 39
39, 11
11, 48
48, 11
11, 55
55, 11
11, 56
56, 11
11, 60
60, 11
11, 63
63, 11
11, 64
64, 11
11, 69
69, 11
12, 1
1, 12
12, 5
5, 12
12, 13
13, 12
12, 18
18, 12
12, 20
20, 12
12, 24
24, 12
12, 28
28, 12
12, 31
31, 12
12, 48
48, 12
12, 53
53, 12
12, 55
55, 12
12, 56
56, 12
12, 59
59, 12
12, 60
60, 12
12, 63
63, 12
12, 64
64, 12
12, 65
65, 12
12, 66
66, 12
12, 69
69, 12
14, 0
0, 14
14, 1
1, 14
14, 5
5, 14
14, 13
13, 14
14, 18
18, 14
14, 20
20, 14
14, 24
24, 14
14, 28
28, 14
14, 31
31, 14
14, 32
32, 14
14, 39
39, 14
14, 48
48, 14
14, 55
55, 14
14, 56
56, 14
14, 60
60, 14
14, 63
63, 14
14, 64
64, 14
14, 69
69, 14
15, 0
0, 15
15, 1
1, 15
15, 18
18, 15
15, 24
24, 15
15, 28
28, 15
15, 31
31, 15
15, 32
32, 15
15, 39
39, 15
15, 53
53, 15
15, 55
55, 15
15, 56
56, 15
15, 59
59, 15
15, 60
60, 15
15, 63
63, 15
15, 64
64, 15
15, 65
65, 15
15, 66
66, 15
15, 69
69, 15
16, 5
5, 16
16, 13
13, 16
16, 18
18, 16
16, 20
20, 16
16, 28
28, 16
16, 31
31, 16
16, 39
39, 16
16, 48
48, 16
16, 53
53, 16
16, 55
55, 16
16, 59
59, 16
16, 60
60, 16
16, 64
64, 16
16, 65
65, 16
16, 66
66, 16
16, 69
69, 16
17, 1
1, 17
17, 5
5, 17
17, 13
13, 17
17, 18
18, 17
17, 20
20, 17
17, 24
24, 17
17, 28
28, 17
17, 31
31, 17
17, 48
48, 17
17, 53
53, 17
17, 55
55, 17
17, 56
56, 17
17, 59
59, 17
17, 60
60, 17
17, 63
63, 17
17, 64
64, 17
17, 65
65, 17
17, 66
66, 17
17, 69
69, 17
19, 0
0, 19
19, 1
1, 19
19, 5
5, 19
19, 18
18, 19
19, 20
20, 19
19, 24
24, 19
19, 28
28, 19
19, 31
31, 19
19, 32
32, 19
19, 39
39, 19
19, 48
48, 19
19, 55
55, 19
19, 56
56, 19
19, 59
59, 19
19, 60
60, 19
19, 63
63, 19
19, 64
64, 19
19, 65
65, 19
19, 66
66, 19
19, 69
69, 19
21, 0
0, 21
21, 1
1, 21
21, 13
13, 21
21, 18
18, 21
21, 20
20, 21
21, 24
24, 21
21, 31
31, 21
21, 32
32, 21
21, 39
39, 21
21, 53
53, 21
21, 55
55, 21
21, 56
56, 21
21, 59
59, 21
21, 60
60, 21
21, 63
63, 21
21, 64
64, 21
21, 65
65, 21
21, 66
66, 21
22, 0
0, 22
22, 5
5, 22
22, 13
13, 22
22, 18
18, 22
22, 20
20, 22
22, 24
24, 22
22, 31
31, 22
22, 32
32, 22
22, 39
39, 22
22, 48
48, 22
22, 53
53, 22
22, 55
55, 22
22, 56
56, 22
22, 59
59, 22
22, 60
60, 22
22, 63
63, 22
22, 65
65, 22
22, 66
66, 22
22, 69
69, 22
23, 0
0, 23
23, 5
5, 23
23, 13
13, 23
23, 18
18, 23
23, 20
20, 23
23, 28
28, 23
23, 31
31, 23
23, 32
32, 23
23, 39
39, 23
23, 48
48, 23
23, 53
53, 23
23, 55
55, 23
23, 59
59, 23
23, 60
60, 23
23, 64
64, 23
23, 65
65, 23
23, 66
66, 23
23, 69
69, 23
25, 0
0, 25
25, 1
1, 25
25, 5
5, 25
25, 13
13, 25
25, 20
20, 25
25, 24
24, 25
25, 28
28, 25
25, 31
31, 25
25, 48
48, 25
25, 53
53, 25
25, 56
56, 25
25, 59
59, 25
25, 60
60, 25
25, 63
63, 25
25, 64
64, 25
25, 65
65, 25
25, 66
66, 25
25, 69
69, 25
26, 1
1, 26
26, 5
5, 26
26, 13
13, 26
26, 18
18, 26
26, 20
20, 26
26, 24
24, 26
26, 28
28, 26
26, 31
31, 26
26, 32
32, 26
26, 48
48, 26
26, 55
55, 26
26, 56
56, 26
26, 59
59, 26
26, 60
60, 26
26, 63
63, 26
26, 64
64, 26
26, 65
65, 26
26, 66
66, 26
26, 69
69, 26
27, 1
1, 27
27, 18
18, 27
27, 20
20, 27
27, 24
24, 27
27, 28
28, 27
27, 31
31, 27
27, 32
32, 27
27, 39
39, 27
27, 53
53, 27
27, 55
55, 27
27, 56
56, 27
27, 59
59, 27
27, 60
60, 27
27, 63
63, 27
27, 64
64, 27
27, 65
65, 27
27, 66
66, 27
27, 69
69, 27
29, 1
1, 29
29, 18
18, 29
29, 24
24, 29
29, 28
28, 29
29, 31
31, 29
29, 32
32, 29
29, 39
39, 29
29, 53
53, 29
29, 55
55, 29
29, 56
56, 29
29, 59
59, 29
29, 60
60, 29
29, 63
63, 29
29, 64
64, 29
29, 65
65, 29
29, 66
66, 29
29, 69
69, 29
30, 1
1, 30
30, 13
13, 30
30, 18
18, 30
30, 20
20, 30
30, 24
24, 30
30, 31
31, 30
30, 32
32, 30
30, 39
39, 30
30, 53
53, 30
30, 55
55, 30
30, 56
56, 30
30, 59
59, 30
30, 60
60, 30
30, 63
63, 30
30, 64
64, 30
30, 65
65, 30
30, 66
66, 30
30, 69
69, 30
33, 5
5, 33
33, 13
13, 33
33, 18
18, 33
33, 20
20, 33
33, 24
24, 33
33, 31
31, 33
33, 32
32, 33
33, 39
39, 33
33, 48
48, 33
33, 53
53, 33
33, 55
55, 33
33, 56
56, 33
33, 59
59, 33
33, 60
60, 33
33, 64
64, 33
33, 65
65, 33
33, 66
66, 33
33, 69
69, 33
34, 1
1, 34
34, 5
5, 34
34, 18
18, 34
34, 20
20, 34
34, 24
24, 34
34, 28
28, 34
34, 31
31, 34
34, 32
32, 34
34, 39
39, 34
34, 48
48, 34
34, 53
53, 34
34, 55
55, 34
34, 56
56, 34
34, 59
59, 34
34, 60
60, 34
34, 63
63, 34
34, 64
64, 34
34, 65
65, 34
34, 66
66, 34
34, 69
69, 34
35, 1
1, 35
35, 5
5, 35
35, 18
18, 35
35, 20
20, 35
35, 24
24, 35
35, 28
28, 35
35, 31
31, 35
35, 32
32, 35
35, 39
39, 35
35, 48
48, 35
35, 55
55, 35
35, 56
56, 35
35, 59
59, 35
35, 60
60, 35
35, 63
63, 35
35, 64
64, 35
35, 65
65, 35
35, 66
66, 35
35, 69
69, 35
36, 0
0, 36
36, 1
1, 36
36, 13
13, 36
36, 18
18, 36
36, 24
24, 36
36, 28
28, 36
36, 31
31, 36
36, 32
32, 36
36, 39
39, 36
36, 53
53, 36
36, 55
55, 36
36, 56
56, 36
36, 59
59, 36
36, 63
63, 36
36, 64
64, 36
36, 65
65, 36
36, 66
66, 36
37, 0
0, 37
37, 1
1, 37
37, 13
13, 37
37, 18
18, 37
37, 24
24, 37
37, 28
28, 37
37, 31
31, 37
37, 32
32, 37
37, 39
39, 37
37, 53
53, 37
37, 55
55, 37
37, 56
56, 37
37, 59
59, 37
37, 63
63, 37
37, 64
64, 37
37, 65
65, 37
37, 66
66, 37
38, 0
0, 38
38, 1
1, 38
38, 5
5, 38
38, 13
13, 38
38, 18
18, 38
38, 20
20, 38
38, 24
24, 38
38, 28
28, 38
38, 32
32, 38
38, 48
48, 38
38, 55
55, 38
38, 56
56, 38
38, 59
59, 38
38, 60
60, 38
38, 63
63, 38
38, 64
64, 38
38, 69
69, 38
40, 1
1, 40
40, 5
5, 40
40, 13
13, 40
40, 18
18, 40
40, 20
20, 40
40, 24
24, 40
40, 28
28, 40
40, 31
31, 40
40, 48
48, 40
40, 53
53, 40
40, 55
55, 40
40, 56
56, 40
40, 59
59, 40
40, 60
60, 40
40, 63
63, 40
40, 64
64, 40
40, 65
65, 40
40, 66
66, 40
40, 69
69, 40
41, 0
0, 41
41, 5
5, 41
41, 13
13, 41
41, 18
18, 41
41, 20
20, 41
41, 24
24, 41
41, 28
28, 41
41, 31
31, 41
41, 32
32, 41
41, 39
39, 41
41, 48
48, 41
41, 53
53, 41
41, 55
55, 41
41, 59
59, 41
41, 60
60, 41
41, 65
65, 41
41, 66
66, 41
41, 69
69, 41
42, 0
0, 42
42, 5
5, 42
42, 13
13, 42
42, 18
18, 42
42, 20
20, 42
42, 24
24, 42
42, 28
28, 42
42, 31
31, 42
42, 32
32, 42
42, 39
39, 42
42, 48
48, 42
42, 53
53, 42
42, 55
55, 42
42, 59
59, 42
42, 60
60, 42
42, 63
63, 42
42, 65
65, 42
42, 66
66, 42
42, 69
69, 42
43, 0
0, 43
43, 5
5, 43
43, 13
13, 43
43, 18
18, 43
43, 20
20, 43
43, 24
24, 43
43, 28
28, 43
43, 31
31, 43
43, 32
32, 43
43, 39
39, 43
43, 48
48, 43
43, 53
53, 43
43, 55
55, 43
43, 59
59, 43
43, 60
60, 43
43, 65
65, 43
43, 66
66, 43
43, 69
69, 43
44, 0
0, 44
44, 1
1, 44
44, 5
5, 44
44, 13
13, 44
44, 20
20, 44
44, 28
28, 44
44, 31
31, 44
44, 48
48, 44
44, 53
53, 44
44, 55
55, 44
44, 56
56, 44
44, 59
59, 44
44, 60
60, 44
44, 64
64, 44
44, 65
65, 44
44, 66
66, 44
44, 69
69, 44
45, 1
1, 45
45, 18
18, 45
45, 20
20, 45
45, 24
24, 45
45, 28
28, 45
45, 31
31, 45
45, 32
32, 45
45, 39
39, 45
45, 53
53, 45
45, 55
55, 45
45, 56
56, 45
45, 59
59, 45
45, 60
60, 45
45, 63
63, 45
45, 64
64, 45
45, 65
65, 45
45, 66
66, 45
45, 69
69, 45
46, 1
1, 46
46, 5
5, 46
46, 18
18, 46
46, 20
20, 46
46, 24
24, 46
46, 28
28, 46
46, 31
31, 46
46, 32
32, 46
46, 39
39, 46
46, 48
48, 46
46, 53
53, 46
46, 55
55, 46
46, 56
56, 46
46, 59
59, 46
46, 60
60, 46
46, 63
63, 46
46, 64
64, 46
46, 65
65, 46
46, 66
66, 46
46, 69
69, 46
47, 0
0, 47
47, 1
1, 47
47, 13
13, 47
47, 18
18, 47
47, 24
24, 47
47, 31
31, 47
47, 32
32, 47
47, 39
39, 47
47, 53
53, 47
47, 55
55, 47
47, 56
56, 47
47, 59
59, 47
47, 63
63, 47
47, 64
64, 47
47, 65
65, 47
47, 66
66, 47
49, 0
0, 49
49, 1
1, 49
49, 5
5, 49
49, 13
13, 49
49, 20
20, 49
49, 28
28, 49
49, 31
31, 49
49, 39
39, 49
49, 48
48, 49
49, 53
53, 49
49, 55
55, 49
49, 59
59, 49
49, 60
60, 49
49, 64
64, 49
49, 65
65, 49
49, 66
66, 49
49, 69
69, 49
50, 0
0, 50
50, 1
1, 50
50, 5
5, 50
50, 13
13, 50
50, 20
20, 50
50, 28
28, 50
50, 31
31, 50
50, 48
48, 50
50, 53
53, 50
50, 56
56, 50
50, 59
59, 50
50, 60
60, 50
50, 63
63, 50
50, 64
64, 50
50, 65
65, 50
50, 66
66, 50
50, 69
69, 50
51, 1
1, 51
51, 5
5, 51
51, 13
13, 51
51, 18
18, 51
51, 20
20, 51
51, 24
24, 51
51, 28
28, 51
51, 31
31, 51
51, 32
32, 51
51, 39
39, 51
51, 48
48, 51
51, 53
53, 51
51, 55
55, 51
51, 56
56, 51
51, 59
59, 51
51, 60
60, 51
51, 64
64, 51
51, 65
65, 51
51, 66
66, 51
51, 69
69, 51
52, 1
1, 52
52, 5
5, 52
52, 18
18, 52
52, 20
20, 52
52, 24
24, 52
52, 28
28, 52
52, 31
31, 52
52, 32
32, 52
52, 39
39, 52
52, 48
48, 52
52, 53
53, 52
52, 55
55, 52
52, 56
56, 52
52, 59
59, 52
52, 60
60, 52
52, 63
63, 52
52, 64
64, 52
52, 65
65, 52
52, 66
66, 52
52, 69
69, 52
54, 0
0, 54
54, 1
1, 54
54, 5
5, 54
54, 18
18, 54
54, 20
20, 54
54, 24
24, 54
54, 28
28, 54
54, 31
31, 54
54, 32
32, 54
54, 39
39, 54
54, 48
48, 54
54, 53
53, 54
54, 55
55, 54
54, 56
56, 54
54, 59
59, 54
54, 60
60, 54
54, 63
63, 54
54, 64
64, 54
54, 65
65, 54
54, 66
66, 54
54, 69
69, 54
57, 0
0, 57
57, 1
1, 57
57, 18
18, 57
57, 24
24, 57
57, 28
28, 57
57, 31
31, 57
57, 32
32, 57
57, 39
39, 57
57, 48
48, 57
57, 53
53, 57
57, 55
55, 57
57, 56
56, 57
57, 59
59, 57
57, 60
60, 57
57, 63
63, 57
57, 64
64, 57
57, 65
65, 57
57, 66
66, 57
57, 69
69, 57
58, 0
0, 58
58, 1
1, 58
58, 5
5, 58
58, 13
13, 58
58, 18
18, 58
58, 20
20, 58
58, 24
24, 58
58, 28
28, 58
58, 31
31, 58
58, 32
32, 58
58, 48
48, 58
58, 55
55, 58
58, 56
56, 58
58, 59
59, 58
58, 60
60, 58
58, 63
63, 58
58, 64
64, 58
58, 66
66, 58
58, 69
69, 58
61, 0
0, 61
61, 1
1, 61
61, 5
5, 61
61, 13
13, 61
61, 18
18, 61
61, 20
20, 61
61, 24
24, 61
61, 31
31, 61
61, 32
32, 61
61, 39
39, 61
61, 48
48, 61
61, 53
53, 61
61, 55
55, 61
61, 56
56, 61
61, 59
59, 61
61, 60
60, 61
61, 63
63, 61
61, 64
64, 61
61, 65
65, 61
61, 66
66, 61
62, 0
0, 62
62, 5
5, 62
62, 13
13, 62
62, 18
18, 62
62, 20
20, 62
62, 24
24, 62
62, 31
31, 62
62, 32
32, 62
62, 39
39, 62
62, 53
53, 62
62, 55
55, 62
62, 56
56, 62
62, 59
59, 62
62, 60
60, 62
62, 64
64, 62
62, 65
65, 62
62, 66
66, 62
62, 69
69, 62
67, 1
1, 67
67, 5
5, 67
67, 18
18, 67
67, 20
20, 67
67, 24
24, 67
67, 28
28, 67
67, 31
31, 67
67, 32
32, 67
67, 39
39, 67
67, 48
48, 67
67, 55
55, 67
67, 56
56, 67
67, 59
59, 67
67, 60
60, 67
67, 63
63, 67
67, 64
64, 67
67, 65
65, 67
67, 66
66, 67
67, 69
69, 67
68, 1
1, 68
68, 5
5, 68
68, 13
13, 68
68, 18
18, 68
68, 20
20, 68
68, 24
24, 68
68, 31
31, 68
68, 32
32, 68
68, 39
39, 68
68, 53
53, 68
68, 55
55, 68
68, 56
56, 68
68, 59
59, 68
68, 60
60, 68
68, 64
64, 68
68, 65
65, 68
68, 66
66, 68
68, 69
69, 68
